11
1
2
10001
4
5
10001
7
8
10001
10
11
12
10001
14
15
10001
17
18
10001
20
21
22
10001
24
25
10001
27
28
10001
10001
10001
10001
10002
10001
10001
10002
10001
10001
10002
40
41
42
10001
44
45
10001
47
48
10001
50
51
52
10001
54
55
10001
57
58
10001
10001
10001
10001
10002
10001
10001
10002
10001
10001
10002
70
71
72
10001
74
75
10001
77
78
10001
80
81
82
10001
84
85
10001
87
88
10001
10001
10001
10001
10002
10001
10001
10002
10001
10001
10002
100
101
102
10001
104
105
10001
107
108
10001
110
111
112
10001
114
115
10001
117
118
10001
120
121
122
10001
124
125
10001
127
128
10001
10001
10001
10001
10002
10001
10001
10002
10001
10001
10002
140
141
142
10001
144
145
10001
147
148
10001
150
151
152
10001
154
155
10001
157
158
10001
10001
10001
10001
10002
10001
10001
10002
10001
10001
10002
170
171
172
10001
174
175
10001
177
178
10001
180
181
182
10001
184
185
10001
187
188
10001
10001
10001
10001
10002
10001
10001
10002
10001
10001
10002
200
201
202
10001
204
205
10001
207
208
10001
210
211
212
10001
214
215
10001
217
218
10001
220
221
222
10001
224
225
10001
227
228
10001
10001
10001
10001
10002
10001
10001
10002
10001
10001
10002
240
241
242
10001
244
245
10001
247
248
10001
250
251
252
10001
254
255
10001
257
258
10001
10001
10001
10001
10002
10001
10001
10002
10001
10001
10002
270
271
272
10001
274
275
10001
277
278
10001
280
281
282
10001
284
285
10001
287
288
10001
10001
10001
10001
10002
10001
10001
10002
10001
10001
10002
10001
10001
10001
10002
10001
10001
10002
10001
10001
10002
10001
10001
10001
10002
10001
10001
10002
10001
10001
10002
10001
10001
10001
10002
10001
10001
10002
10001
10001
10002
10002
10002
10002
10003
10002
10002
10003
10002
10002
10003
10001
10001
10001
10002
10001
10001
10002
10001
10001
10002
10001
10001
10001
10002
10001
10001
10002
10001
10001
10002
10002
10002
10002
10003
10002
10002
10003
10002
10002
10003
10001
10001
10001
10002
10001
10001
10002
10001
10001
10002
10001
10001
10001
10002
10001
10001
10002
10001
10001
10002
10002
10002
10002
10003
10002
10002
10003
10002
10002
10003
400
401
402
10001
404
405
10001
407
408
10001
410
411
412
10001
414
415
10001
417
418
10001
420
421
422
10001
424
425
10001
427
428
10001
10001
10001
10001
10002
10001
10001
10002
10001
10001
10002
440
441
442
10001
444
445
10001
447
448
10001
450
451
452
10001
454
455
10001
457
458
10001
10001
10001
10001
10002
10001
10001
10002
10001
10001
10002
470
471
472
10001
474
475
10001
477
478
10001
480
481
482
10001
484
485
10001
487
488
10001
10001
10001
10001
10002
10001
10001
10002
10001
10001
10002
500
501
502
10001
504
505
10001
507
508
10001
510
511
512
10001
514
515
10001
517
518
10001
520
521
522
10001
524
525
10001
527
528
10001
10001
10001
10001
10002
10001
10001
10002
10001
10001
10002
540
541
542
10001
544
545
10001
547
548
10001
550
551
552
10001
554
555
10001
557
558
10001
10001
10001
10001
10002
10001
10001
10002
10001
10001
10002
570
571
572
10001
574
575
10001
577
578
10001
580
581
582
10001
584
585
10001
587
588
10001
10001
10001
10001
10002
10001
10001
10002
10001
10001
10002
10001
10001
10001
10002
10001
10001
10002
10001
10001
10002
10001
10001
10001
10002
10001
10001
10002
10001
10001
10002
10001
10001
10001
10002
10001
10001
10002
10001
10001
10002
10002
10002
10002
10003
10002
10002
10003
10002
10002
10003
10001
10001
10001
10002
10001
10001
10002
10001
10001
10002
10001
10001
10001
10002
10001
10001
10002
10001
10001
10002
10002
10002
10002
10003
10002
10002
10003
10002
10002
10003
10001
10001
10001
10002
10001
10001
10002
10001
10001
10002
10001
10001
10001
10002
10001
10001
10002
10001
10001
10002
10002
10002
10002
10003
10002
10002
10003
10002
10002
10003
700
701
702
10001
704
705
10001
707
708
10001
710
711
712
10001
714
715
10001
717
718
10001
720
721
722
10001
724
725
10001
727
728
10001
10001
10001
10001
10002
10001
10001
10002
10001
10001
10002
740
741
742
10001
744
745
10001
747
748
10001
750
751
752
10001
754
755
10001
757
758
10001
10001
10001
10001
10002
10001
10001
10002
10001
10001
10002
770
771
772
10001
774
775
10001
777
778
10001
780
781
782
10001
784
785
10001
787
788
10001
10001
10001
10001
10002
10001
10001
10002
10001
10001
10002
800
801
802
10001
804
805
10001
807
808
10001
810
811
812
10001
814
815
10001
817
818
10001
820
821
822
10001
824
825
10001
827
828
10001
10001
10001
10001
10002
10001
10001
10002
10001
10001
10002
840
841
842
10001
844
845
10001
847
848
10001
850
851
852
10001
854
855
10001
857
858
10001
10001
10001
10001
10002
10001
10001
10002
10001
10001
10002
870
871
872
10001
874
875
10001
877
878
10001
880
881
882
10001
884
885
10001
887
888
10001
10001
10001
10001
10002
10001
10001
10002
10001
10001
10002
10001
10001
10001
10002
10001
10001
10002
10001
10001
10002
10001
10001
10001
10002
10001
10001
10002
10001
10001
10002
10001
10001
10001
10002
10001
10001
10002
10001
10001
10002
10002
10002
10002
10003
10002
10002
10003
10002
10002
10003
10001
10001
10001
10002
10001
10001
10002
10001
10001
10002
10001
10001
10001
10002
10001
10001
10002
10001
10001
10002
10002
10002
10002
10003
10002
10002
10003
10002
10002
10003
10001
10001
10001
10002
10001
10001
10002
10001
10001
10002
10001
10001
10001
10002
10001
10001
10002
10001
10001
10002
10002
10002
10002
10003
10002
10002
10003
10002
10002
10003
1000
1001
1002
10001
1004
1005
10001
1007
1008
10001
1010
1011
1012
10001
1014
1015
10001
1017
1018
10001
1020
1021
1022
10001
1024
1025
10001
1027
1028
10001
10001
10001
10001
10002
10001
10001
10002
10001
10001
10002
1040
1041
1042
10001
1044
1045
10001
1047
1048
10001
1050
1051
1052
10001
1054
1055
10001
1057
1058
10001
10001
10001
10001
10002
10001
10001
10002
10001
10001
10002
1070
1071
1072
10001
1074
1075
10001
1077
1078
10001
1080
1081
1082
10001
1084
1085
10001
1087
1088
10001
10001
10001
10001
10002
10001
10001
10002
10001
10001
10002
1100
1101
1102
10001
1104
1105
10001
1107
1108
10001
1110
1111
1112
10001
1114
1115
10001
1117
1118
10001
1120
1121
1122
10001
1124
1125
10001
1127
1128
10001
10001
10001
10001
10002
10001
10001
10002
10001
10001
10002
1140
1141
1142
10001
1144
1145
10001
1147
1148
10001
1150
1151
1152
10001
1154
1155
10001
1157
1158
10001
10001
10001
10001
10002
10001
10001
10002
10001
10001
10002
1170
1171
1172
10001
1174
1175
10001
1177
1178
10001
1180
1181
1182
10001
1184
1185
10001
1187
1188
10001
10001
10001
10001
10002
10001
10001
10002
10001
10001
10002
1200
1201
1202
10001
1204
1205
10001
1207
1208
10001
1210
1211
1212
10001
1214
1215
10001
1217
1218
10001
1220
1221
1222
10001
1224
1225
10001
1227
1228
10001
10001
10001
10001
10002
10001
10001
10002
10001
10001
10002
1240
1241
1242
10001
1244
1245
10001
1247
1248
10001
1250
1251
1252
10001
1254
1255
10001
1257
1258
10001
10001
10001
10001
10002
10001
10001
10002
10001
10001
10002
1270
1271
1272
10001
1274
1275
10001
1277
1278
10001
1280
1281
1282
10001
1284
1285
10001
1287
1288
10001
10001
10001
10001
10002
10001
10001
10002
10001
10001
10002
10001
10001
10001
10002
10001
10001
10002
10001
10001
10002
10001
10001
10001
10002
10001
10001
10002
10001
10001
10002
10001
10001
10001
10002
10001
10001
10002
10001
10001
10002
10002
10002
10002
10003
10002
10002
10003
10002
10002
10003
10001
10001
10001
10002
10001
10001
10002
10001
10001
10002
10001
10001
10001
10002
10001
10001
10002
10001
10001
10002
10002
10002
10002
10003
10002
10002
10003
10002
10002
10003
10001
10001
10001
10002
10001
10001
10002
10001
10001
10002
10001
10001
10001
10002
10001
10001
10002
10001
10001
10002
10002
10002
10002
10003
10002
10002
10003
10002
10002
10003
1400
1401
1402
10001
1404
1405
10001
1407
1408
10001
1410
1411
1412
10001
1414
1415
10001
1417
1418
10001
1420
1421
1422
10001
1424
1425
10001
1427
1428
10001
10001
10001
10001
10002
10001
10001
10002
10001
10001
10002
1440
1441
1442
10001
1444
1445
10001
1447
1448
10001
1450
1451
1452
10001
1454
1455
10001
1457
1458
10001
10001
10001
10001
10002
10001
10001
10002
10001
10001
10002
1470
1471
1472
10001
1474
1475
10001
1477
1478
10001
1480
1481
1482
10001
1484
1485
10001
1487
1488
10001
10001
10001
10001
10002
10001
10001
10002
10001
10001
10002
1500
1501
1502
10001
1504
1505
10001
1507
1508
10001
1510
1511
1512
10001
1514
1515
10001
1517
1518
10001
1520
1521
1522
10001
1524
1525
10001
1527
1528
10001
10001
10001
10001
10013
