63
1
2
10001
4
5
10001
7
8
10001
10
11
12
10001
14
15
10001
17
18
10001
20
21
22
10001
24
25
10001
27
28
10001
10001
10001
10001
10002
10001
10001
10002
10001
10001
10002
40
41
42
10001
44
45
10001
47
48
10001
50
51
52
10001
54
55
10001
57
58
10001
10001
10001
10001
10002
10001
10001
10002
10001
10001
10002
70
71
72
10001
74
75
10001
77
78
10001
80
81
82
10001
84
85
10001
87
88
10001
10001
10001
10001
10002
10001
10001
10002
10001
10001
10002
100
101
102
10001
104
105
10001
107
108
10001
110
111
112
10001
114
115
10001
117
118
10001
120
121
122
10001
124
125
10001
127
128
10001
10001
10001
10001
10002
10001
10001
10002
10001
10001
10002
140
141
142
10001
144
145
10001
147
148
10001
150
151
152
10001
154
155
10001
157
158
10001
10001
10001
10001
10002
10001
10001
10002
10001
10001
10002
170
171
172
10001
174
175
10001
177
178
10001
180
181
182
10001
184
185
10001
187
188
10001
10001
10001
10001
10002
10001
10001
10002
10001
10001
10002
200
201
202
10001
204
205
10001
207
208
10001
210
211
212
10001
214
215
10001
217
218
10001
220
221
222
10001
224
225
10001
227
228
10001
10001
10001
10001
10002
10001
10001
10002
10001
10001
10002
240
241
242
10001
244
245
10001
247
248
10001
250
251
252
10001
254
255
10001
257
258
10001
10001
10001
10001
10002
10001
10001
10002
10001
10001
10002
270
271
272
10001
274
275
10001
277
278
10001
280
281
282
10001
284
285
10001
287
288
10001
10001
10001
10001
10002
10001
10001
10002
10001
10001
10002
10001
10001
10001
10002
10001
10001
10002
10001
10001
10002
10001
10001
10001
10002
10001
10001
10002
10001
10001
10002
10001
10001
10001
10002
10001
10001
10002
10001
10001
10002
10002
10002
10002
10003
10002
10002
10003
10002
10002
10003
10001
10001
10001
10002
10001
10001
10002
10001
10001
10002
10001
10001
10001
10002
10001
10001
10002
10001
10001
10002
10002
10002
10002
10003
10002
10002
10003
10002
10002
10003
10001
10001
10001
10002
10001
10001
10002
10001
10001
10002
10001
10001
10001
10002
10001
10001
10002
10001
10001
10002
10002
10002
10002
10003
10002
10002
10003
10002
10002
10003
400
401
402
10001
404
405
10001
407
408
10001
410
411
412
10001
414
415
10001
417
418
10001
420
421
422
10001
424
425
10001
427
428
10001
10001
10001
10001
10002
10001
10001
10002
10001
10001
10002
440
441
442
10001
444
445
10001
447
448
10001
450
451
452
10001
454
455
10001
457
458
10001
10001
10001
10001
10002
10001
10001
10002
10001
10001
10002
470
471
472
10001
474
475
10001
477
478
10001
480
481
482
10001
484
485
10001
487
488
10001
10001
10001
10001
10002
10001
10001
10002
10001
10001
10002
500
501
502
10001
504
505
10001
507
508
10001
510
511
512
10001
514
515
10001
517
518
10001
520
521
522
10001
524
525
10001
527
528
10001
10001
10001
10001
10002
10001
10001
10002
10001
10001
10002
540
541
542
10001
544
545
10001
547
548
10001
550
551
552
10001
554
555
10001
557
558
10001
10001
10001
10001
10002
10001
10001
10002
10001
10001
10002
570
571
572
10001
574
575
10001
577
578
10001
580
581
582
10001
584
585
10001
587
588
10001
10001
10001
10001
10002
10001
10001
10002
10001
10001
10002
10001
10001
10001
10002
10001
10001
10002
10001
10001
10002
10001
10001
10001
10002
10001
10001
10002
10001
10001
10002
10001
10001
10001
10002
10001
10001
10002
10001
10001
10002
10002
10002
10002
10003
10002
10002
10003
10002
10002
10003
10001
10001
10001
10002
10001
10001
10002
10001
10001
10002
10001
10001
10001
10002
10001
10001
10002
10001
10001
10002
10002
10002
10002
10003
10002
10002
10003
10002
10002
10003
10001
10001
10001
10002
10001
10001
10002
10001
10001
10002
10001
10001
10001
10002
10001
10001
10002
10001
10001
10002
10002
10002
10002
10003
10002
10002
10003
10002
10002
10003
700
701
702
10001
704
705
10001
707
708
10001
710
711
712
10001
714
715
10001
717
718
10001
720
721
722
10001
724
725
10001
727
728
10001
10001
10001
10001
10002
10001
10001
10002
10001
10001
10002
740
741
742
10001
744
745
10001
747
748
10001
750
751
10004
