68
1
2
10001
4
5
10001
7
8
10001
10
11
12
10001
14
15
10001
17
18
10001
20
21
22
10001
24
25
10001
27
28
10001
10001
10001
10001
10002
10001
10001
10002
10001
10001
10002
40
41
42
10001
44
45
10001
47
48
10001
50
51
52
10001
54
55
10001
57
58
10001
10001
10001
10001
10002
10001
10001
10002
10001
10001
10002
70
71
72
10001
74
75
10001
77
78
10001
80
81
82
10001
84
85
10001
87
88
10001
10001
10001
10001
10002
10001
10001
10002
10001
10001
10002
100
101
102
10001
104
105
10001
107
108
10001
110
111
112
10001
114
115
10001
117
118
10001
120
121
122
10001
124
125
10001
127
128
10001
10001
10001
10001
10002
10001
10001
10002
10001
10001
10002
140
141
142
10001
144
145
10001
147
148
10001
150
151
152
10001
154
155
10001
157
158
10001
10001
10001
10001
10002
10001
10001
10002
10001
10001
10002
170
171
172
10001
174
175
10001
177
178
10001
180
181
182
10001
184
185
10001
187
188
10001
10001
10001
10001
10002
10001
10001
10002
10001
10001
10002
200
201
202
10001
204
205
10001
207
208
10001
210
211
212
10001
214
215
10001
217
218
10001
220
221
222
10001
224
225
10001
227
228
10001
10001
10001
10001
10002
10001
10001
10002
10001
10001
10002
240
241
242
10001
244
245
10001
247
248
10001
250
251
252
10001
254
255
10001
257
258
10001
10001
10001
10001
10002
10001
10001
10002
10001
10001
10002
270
271
272
10001
274
275
10001
277
278
10001
280
281
282
10001
284
285
10001
287
288
10001
10001
10001
10001
10002
10001
10001
10002
10001
10001
10002
10001
10001
10001
10002
10001
10001
10002
10001
10001
10002
10001
10001
10001
10002
10001
10001
10002
10001
10001
10002
10001
10001
10001
10002
10001
10001
10002
10001
10001
10002
10002
10002
10002
10003
10002
10002
10003
10002
10002
10003
10001
10001
10001
10002
10001
10001
10002
10001
10001
10002
10001
10001
10001
10002
10001
10001
10002
10001
10001
10002
10002
10002
10002
10003
10002
10002
10003
10002
10002
10003
10001
10001
10001
10002
10001
10001
10002
10001
10001
10002
10001
10001
10001
10002
10001
10001
10002
10001
10001
10002
10002
10002
10002
10003
10002
10002
10003
10002
10002
10003
400
401
402
10001
404
405
10001
407
408
10001
410
411
412
10001
414
415
10001
417
418
10001
420
421
422
10001
424
425
10001
427
428
10001
10001
10001
10001
10002
10001
10001
10002
10001
10001
10002
440
441
442
10001
444
445
10001
447
448
10001
450
451
452
10001
454
455
10001
457
458
10001
10001
10001
10001
10002
10001
10001
10002
10001
10001
10002
470
471
472
10001
474
475
10001
477
478
10001
480
481
482
10001
484
485
10001
487
488
10001
10001
10001
10001
10002
10001
10001
10002
10001
10001
10002
500
501
502
10001
504
505
10001
507
508
10001
510
511
512
10001
514
515
10001
517
518
10001
520
521
522
10001
524
525
10001
527
528
10001
10001
10001
10001
10002
10001
10001
10002
10001
10001
10002
540
541
542
10001
544
545
10001
547
548
10001
550
551
552
10001
554
555
10001
557
558
10001
10001
10001
10001
10002
10001
10001
10002
10001
10001
10002
570
571
572
10001
574
575
10001
577
578
10001
580
581
582
10001
584
585
10001
587
588
10001
10001
10001
10001
10002
10001
10001
10002
10001
10001
10002
10001
10001
10001
10002
10001
10001
10002
10001
10001
10002
10001
10001
10001
10002
10001
10001
10002
10001
10001
10002
10001
10001
10001
10002
10001
10001
10002
10001
10001
10002
10002
10002
10002
10003
10002
10002
10003
10002
10002
10003
10001
10001
10001
10002
10001
10001
10002
10001
10001
10002
10001
10001
10001
10002
10001
10001
10002
10001
10001
10002
10002
10002
10002
10003
10002
10002
10003
10002
10002
10003
10001
10001
10001
10002
10001
10001
10002
10001
10001
10002
10001
10001
10001
10002
10001
10001
10002
10001
10001
10002
10002
10002
10002
10003
10002
10002
10003
10002
10002
10003
700
701
702
10001
704
705
10001
707
708
10001
710
711
712
10001
714
715
10001
717
718
10001
720
721
722
10001
724
725
10001
727
728
10001
10001
10001
10001
10002
10001
10001
10002
10001
10001
10002
740
741
742
10001
744
745
10001
747
748
10001
750
751
752
10001
754
755
10001
757
758
10001
10001
10001
10001
10002
10001
10001
10002
10001
10001
10002
770
771
772
10001
774
775
10001
777
778
10001
780
781
782
10001
784
785
10001
787
788
10001
10001
10001
10001
10002
10001
10001
10002
10001
10001
10002
800
801
802
10001
804
805
10001
807
808
10001
810
811
812
10001
814
815
10001
817
818
10001
820
821
822
10001
824
825
10001
827
828
10001
10001
10001
10001
10002
10001
10001
10002
10001
10001
10002
840
841
842
10001
844
845
10001
847
848
10001
850
851
852
10001
854
855
10001
857
858
10001
10001
10001
10001
10002
10001
10001
10002
10001
10001
10002
870
871
872
10001
874
875
10001
877
878
10001
880
881
882
10001
884
885
10001
887
888
10001
10001
10001
10001
10002
10001
10001
10002
10001
10001
10002
10001
10001
10001
10002
10001
10001
10002
10001
10001
10002
10001
10001
10001
10002
10001
10001
10002
10001
10001
10002
10001
10001
10001
10002
10001
10001
10002
10001
10001
10002
10002
10002
10002
10003
10002
10002
10003
10002
10002
10003
10001
10001
10001
10002
10001
10001
10002
10001
10001
10002
10001
10001
10001
10002
10001
10001
10002
10001
10001
10002
10002
10002
10002
10003
10002
10002
10003
10002
10002
10003
10001
10001
10001
10002
10001
10001
10002
10001
10001
10002
10001
10001
10001
10002
10001
10001
10002
10001
10001
10002
10002
10002
10002
10003
10002
10002
10003
10002
10002
10003
1000
1001
1002
10001
1004
1005
10001
1007
1008
10001
1010
1011
1012
10001
1014
1015
10001
1017
1018
10001
1020
1021
1022
10001
1024
1025
10001
1027
1028
10001
10001
10001
10001
10002
10001
10001
10002
10001
10001
10002
1040
1041
1042
10001
1044
1045
10001
1047
1048
10001
1050
1051
1052
10001
1054
1055
10001
1057
1058
10001
10001
10001
10001
10002
10001
10001
10002
10001
10001
10002
1070
1071
1072
10001
1074
1075
10001
1077
1078
10001
1080
1081
1082
10001
1084
1085
10001
1087
1088
10001
10001
10001
10001
10002
10001
10001
10002
10001
10001
10002
1100
1101
1102
10001
1104
1105
10001
1107
1108
10001
1110
1111
1112
10001
1114
1115
10001
1117
1118
10001
1120
1121
1122
10001
1124
1125
10001
1127
1128
10001
10001
10001
10001
10002
10001
10001
10002
10001
10001
10002
1140
1141
1142
10001
1144
1145
10001
1147
1148
10001
1150
1151
1152
10001
1154
1155
10001
1157
1158
10001
10001
10001
10001
10002
10001
10001
10002
10001
10001
10002
1170
1171
1172
10001
1174
1175
10001
1177
1178
10001
1180
1181
1182
10001
1184
1185
10001
1187
1188
10001
10001
10001
10001
10002
10001
10001
10002
10001
10001
10002
1200
1201
1202
10001
1204
1205
10001
1207
1208
10001
1210
1211
1212
10001
1214
1215
10001
1217
1218
10001
1220
1221
1222
10001
1224
1225
10001
1227
1228
10001
10001
10001
10001
10002
10001
10001
10002
10001
10001
10002
1240
1241
1242
10001
1244
1245
10001
1247
1248
10001
1250
1251
1252
10001
1254
1255
10001
1257
1258
10001
10001
10001
10001
10002
10001
10001
10002
10001
10001
10002
1270
1271
1272
10001
1274
1275
10001
1277
1278
10001
1280
1281
1282
10001
1284
1285
10001
1287
1288
10001
10001
10001
10001
10002
10001
10001
10002
10001
10001
10002
10001
10001
10001
10002
10001
10001
10002
10001
10001
10002
10001
10001
10001
10002
10001
10001
10002
10001
10001
10002
10001
10001
10001
10002
10001
10001
10002
10001
10001
10002
10002
10002
10002
10003
10002
10002
10003
10002
10002
10003
10001
10001
10001
10002
10001
10001
10002
10001
10001
10002
10001
10001
10001
10002
10001
10001
10002
10001
10001
10002
10002
10002
10002
10003
10002
10002
10003
10002
10002
10003
10001
10001
10001
10002
10001
10001
10002
10001
10001
10002
10001
10001
10001
10002
10001
10001
10002
10001
10001
10002
10002
10002
10002
10003
10002
10002
10003
10002
10002
10003
1400
1401
1402
10001
1404
1405
10001
1407
1408
10001
1410
1411
1412
10001
1414
1415
10001
1417
1418
10001
1420
1421
1422
10001
1424
1425
10001
1427
1428
10001
10001
10001
10001
10002
10001
10001
10002
10001
10001
10002
1440
1441
1442
10001
1444
1445
10001
1447
1448
10001
1450
1451
1452
10001
1454
1455
10001
1457
1458
10001
10001
10001
10001
10002
10001
10001
10002
10001
10001
10002
1470
1471
1472
10001
1474
1475
10001
1477
1478
10001
1480
1481
1482
10001
1484
1485
10001
1487
1488
10001
10001
10001
10001
10002
10001
10001
10002
10001
10001
10002
1500
1501
1502
10001
1504
1505
10001
1507
1508
10001
1510
1511
1512
10001
1514
1515
10001
1517
1518
10001
1520
1521
1522
10001
1524
1525
10001
1527
1528
10001
10001
10001
10001
10002
10001
10001
10002
10001
10001
10002
1540
1541
1542
10001
1544
1545
10001
1547
1548
10001
1550
1551
1552
10001
1554
1555
10001
1557
1558
10001
10001
10001
10001
10002
10001
10001
10002
10001
10001
10002
1570
1571
1572
10001
1574
1575
10001
1577
1578
10001
1580
1581
1582
10001
1584
1585
10001
1587
1588
10001
10001
10001
10001
10002
10001
10001
10002
10001
10001
10002
10001
10001
10001
10002
10001
10001
10002
10001
10001
10002
10001
10001
10001
10002
10001
10001
10002
10001
10001
10002
10001
10001
10001
10002
10001
10001
10002
10001
10001
10002
10002
10002
10002
10003
10002
10002
10003
10002
10002
10003
10001
10001
10001
10002
10001
10001
10002
10001
10001
10002
10001
10001
10001
10002
10001
10001
10002
10001
10001
10002
10002
10002
10002
10003
10002
10002
10003
10002
10002
10003
10001
10001
10001
10002
10001
10001
10002
10001
10001
10002
10001
10001
10001
10002
10001
10001
10002
10001
10001
10002
10002
10002
10002
10003
10002
10002
10003
10002
10002
10003
1700
1701
1702
10001
1704
1705
10001
1707
1708
10001
1710
1711
1712
10001
1714
1715
10001
1717
1718
10001
1720
1721
1722
10001
1724
1725
10001
1727
1728
10001
10001
10001
10001
10002
10001
10001
10002
10001
10001
10002
1740
1741
1742
10001
1744
1745
10001
1747
1748
10001
1750
1751
1752
10001
1754
1755
10001
1757
1758
10001
10001
10001
10001
10002
10001
10001
10002
10001
10001
10002
1770
1771
1772
10001
1774
1775
10001
1777
1778
10001
1780
1781
1782
10001
1784
1785
10001
1787
1788
10001
10001
10001
10001
10002
10001
10001
10002
10001
10001
10002
1800
1801
1802
10001
1804
1805
10001
1807
1808
10001
1810
1811
1812
10001
1814
1815
10001
1817
1818
10001
1820
1821
1822
10001
1824
1825
10001
1827
1828
10001
10001
10001
10001
10002
10001
10001
10002
10001
10001
10002
1840
1841
1842
10001
1844
1845
10001
1847
1848
10001
1850
1851
1852
10001
1854
1855
10001
1857
1858
10001
10001
10001
10001
10002
10001
10001
10002
10001
10001
10002
1870
1871
1872
10001
1874
1875
10001
1877
1878
10001
1880
1881
1882
10001
1884
1885
10001
1887
1888
10001
10001
10001
10001
10002
10001
10001
10002
10001
10001
10002
10001
10001
10001
10002
10001
10001
10002
10001
10001
10002
10001
10001
10001
10002
10001
10001
10002
10001
10001
10002
10001
10001
10001
10002
10001
10001
10002
10001
10001
10002
10002
10002
10002
10003
10002
10002
10003
10002
10002
10003
10001
10001
10001
10002
10001
10001
10002
10001
10001
10002
10001
10001
10001
10002
10001
10001
10002
10001
10001
10002
10002
10002
10002
10003
10002
10002
10003
10002
10002
10003
10001
10001
10001
10002
10001
10001
10002
10001
10001
10002
10001
10001
10001
10002
10001
10001
10002
10001
10001
10002
10002
10002
10002
10003
10002
10002
10003
10002
10002
10003
2000
2001
2002
10001
2004
2005
10001
2007
2008
10001
2010
2011
2012
10001
2014
2015
10001
2017
2018
10001
2020
2021
2022
10001
2024
2025
10001
2027
2028
10001
10001
10001
10001
10002
10001
10001
10002
10001
10001
10002
2040
2041
2042
10001
2044
2045
10001
2047
2048
10001
2050
2051
2052
10001
2054
2055
10001
2057
2058
10001
10001
10001
10001
10002
10001
10001
10002
10001
10001
10002
2070
2071
2072
10001
2074
2075
10001
2077
2078
10001
2080
2081
2082
10001
2084
2085
10001
2087
2088
10001
10001
10001
10001
10002
10001
10001
10002
10001
10001
10002
2100
2101
2102
10001
2104
2105
10001
2107
2108
10001
2110
2111
2112
10001
2114
2115
10001
2117
2118
10001
2120
2121
2122
10001
2124
2125
10001
2127
2128
10001
10001
10001
10001
10002
10001
10001
10002
10001
10001
10002
2140
2141
2142
10001
2144
2145
10001
2147
2148
10001
2150
2151
2152
10001
2154
2155
10001
2157
2158
10001
10001
10001
10001
10002
10001
10001
10002
10001
10001
10002
2170
2171
2172
10001
2174
2175
10001
2177
2178
10001
2180
2181
2182
10001
2184
2185
10001
2187
2188
10001
10001
10001
10001
10002
10001
10001
10002
10001
10001
10002
2200
2201
2202
10001
2204
2205
10001
2207
2208
10001
2210
2211
2212
10001
2214
2215
10001
2217
2218
10001
2220
2221
2222
10001
2224
2225
10001
2227
2228
10001
10001
10001
10001
10002
10001
10001
10002
10001
10001
10002
2240
2241
2242
10001
2244
2245
10001
2247
2248
10001
2250
2251
2252
10001
2254
2255
10001
2257
2258
10001
10001
10001
10001
10002
10001
10001
10002
10001
10001
10002
2270
2271
2272
10001
2274
2275
10001
2277
2278
10001
2280
2281
2282
10001
2284
2285
10001
2287
2288
10001
10001
10001
10001
10002
10001
10001
10002
10001
10001
10002
10001
10001
10001
10002
10001
10001
10002
10001
10001
10002
10001
10001
10001
10002
10001
10001
10002
10001
10001
10002
10001
10001
10001
10002
10001
10001
10002
10001
10001
10002
10002
10002
10002
10003
10002
10002
10003
10002
10002
10003
10001
10001
10001
10002
10001
10001
10002
10001
10001
10002
10001
10001
10001
10002
10001
10001
10002
10001
10001
10002
10002
10002
10002
10003
10002
10002
10003
10002
10002
10003
10001
10001
10001
10002
10001
10001
10002
10001
10001
10002
10001
10001
10001
10002
10001
10001
10002
10001
10001
10002
10002
10002
10002
10003
10002
10002
10003
10002
10002
10003
2400
2401
2402
10001
2404
2405
10001
2407
2408
10001
2410
2411
2412
10001
2414
2415
10001
2417
2418
10001
2420
2421
2422
10001
2424
2425
10001
2427
2428
10001
10001
10001
10001
10002
10001
10001
10002
10001
10001
10002
2440
2441
2442
10001
2444
2445
10001
2447
2448
10001
2450
2451
2452
10001
2454
2455
10001
2457
2458
10001
10001
10001
10001
10002
10001
10001
10002
10001
10001
10002
2470
2471
2472
10001
2474
2475
10001
2477
2478
10001
2480
2481
2482
10001
2484
2485
10001
2487
2488
10001
10001
10001
10001
10002
10001
10001
10002
10001
10001
10002
2500
2501
2502
10001
2504
2505
10001
2507
2508
10001
2510
2511
2512
10001
2514
2515
10001
2517
2518
10001
2520
2521
2522
10001
2524
2525
10001
2527
2528
10001
10001
10001
10001
10002
10001
10001
10002
10001
10001
10002
2540
2541
2542
10001
2544
2545
10001
2547
2548
10001
2550
2551
2552
10001
2554
2555
10001
2557
2558
10001
10001
10001
10001
10002
10001
10001
10002
10001
10001
10002
2570
2571
2572
10001
2574
2575
10001
2577
2578
10001
2580
2581
2582
10001
2584
2585
10001
2587
2588
10001
10001
10001
10001
10002
10001
10001
10002
10001
10001
10002
10001
10001
10001
10002
10001
10001
10002
10001
10001
10002
10001
10001
10001
10002
10001
10001
10002
10001
10001
10002
10001
10001
10001
10002
10001
10001
10002
10001
10001
10002
10002
10002
10002
10003
10002
10002
10003
10002
10002
10003
10001
10001
10001
10002
10001
10001
10002
10001
10001
10002
10001
10001
10001
10002
10001
10001
10002
10001
10001
10002
10002
10002
10002
10003
10002
10002
10003
10002
10002
10003
10001
10001
10001
10002
10001
10001
10002
10001
10001
10002
10001
10001
10001
10002
10001
10001
10002
10001
10001
10002
10002
10002
10002
10003
10002
10002
10003
10002
10002
10003
2700
2701
2702
10001
2704
2705
10001
2707
2708
10001
2710
2711
2712
10001
2714
2715
10001
2717
2718
10001
2720
2721
2722
10001
2724
2725
10001
2727
2728
10001
10001
10001
10001
10002
10001
10001
10002
10001
10001
10002
2740
2741
2742
10001
2744
2745
10001
2747
2748
10001
2750
2751
2752
10001
2754
2755
10001
2757
2758
10001
10001
10001
10001
10002
10001
10001
10002
10001
10001
10002
2770
2771
2772
10001
2774
2775
10001
2777
2778
10001
2780
2781
2782
10001
2784
2785
10001
2787
2788
10001
10001
10001
10001
10002
10001
10001
10002
10001
10001
10002
2800
2801
2802
10001
2804
2805
10001
2807
2808
10001
2810
2811
2812
10001
2814
2815
10001
2817
2818
10001
2820
2821
2822
10001
2824
2825
10001
2827
2828
10001
10001
10001
10001
10002
10001
10001
10002
10001
10001
10002
2840
2841
2842
10001
2844
2845
10001
2847
2848
10001
2850
2851
2852
10001
2854
2855
10001
2857
2858
10001
10001
10001
10001
10002
10001
10001
10002
10001
10001
10002
2870
2871
2872
10001
2874
2875
10001
2877
2878
10001
2880
2881
2882
10001
2884
2885
10001
2887
2888
10001
10001
10001
10001
10002
10001
10001
10002
10001
10001
10002
10001
10001
10001
10002
10001
10001
10002
10001
10001
10002
10001
10001
10001
10002
10001
10001
10002
10001
10001
10002
10001
10001
10001
10002
10001
10001
10002
10001
10001
10002
10002
10002
10002
10003
10002
10002
10003
10002
10002
10003
10001
10001
10001
10002
10001
10001
10002
10001
10001
10002
10001
10001
10001
10002
10001
10001
10002
10001
10001
10002
10002
10002
10002
10003
10002
10002
10003
10002
10002
10003
10001
10001
10001
10002
10001
10001
10002
10001
10001
10002
10001
10001
10001
10002
10001
10001
10002
10001
10001
10002
10002
10002
10002
10003
10002
10002
10003
10002
10002
10003
10001
10001
10001
10002
10001
10001
10002
10001
10001
10002
10001
10001
10001
10002
10001
10001
10002
10001
10001
10002
10001
10001
10001
10002
10001
10001
10002
10001
10001
10002
10002
10002
10002
10003
10002
10002
10003
10002
10002
10003
10001
10001
10001
10002
10001
10001
10002
10001
10001
10002
10001
10001
10001
10002
10001
10001
10002
10001
10001
10002
10002
10002
10002
10003
10002
10002
10003
10002
10002
10003
10001
10001
10001
10002
10001
10001
10002
10001
10001
10002
10001
10001
10001
10002
10001
10001
10002
10001
10001
10002
10002
10002
10002
10003
10002
10002
10003
10002
10002
10003
10001
10001
10001
10002
10001
10001
10002
10001
10001
10002
10001
10001
10001
10002
10001
10001
10002
10001
10001
10002
10001
10001
10001
10002
10001
10001
10002
10001
10001
10002
10002
10002
10002
10003
10002
10002
10003
10002
10002
10003
10001
10001
10001
10002
10001
10001
10002
10001
10001
10002
10001
10001
10001
10002
10001
10001
10002
10001
10001
10002
10002
10002
10002
10003
10002
10002
10003
10002
10002
10003
10001
10001
10001
10002
10001
10001
10002
10001
10001
10002
10001
10001
10001
10002
10001
10001
10002
10001
10001
10002
10002
10002
10002
10003
10002
10002
10003
10002
10002
10003
10001
10001
10001
10002
10001
10001
10002
10001
10001
10002
10001
10001
10001
10002
10001
10001
10002
10001
10001
10002
10001
10001
10001
10002
10001
10001
10002
10001
10001
10002
10002
10002
10002
10003
10002
10002
10003
10002
10002
10003
10001
10001
10001
10002
10001
10001
10002
10001
10001
10002
10001
10001
10001
10002
10001
10001
10002
10001
10001
10002
10002
10002
10002
10003
10002
10002
10003
10002
10002
10003
10001
10001
10001
10002
10001
10001
10002
10001
10001
10002
10001
10001
10001
10002
10001
10001
10002
10001
10001
10002
10002
10002
10002
10003
10002
10002
10003
10002
10002
10003
10002
10002
10002
10003
10002
10002
10003
10002
10002
10003
10002
10002
10002
10003
10002
10002
10003
10002
10002
10003
10002
10002
10002
10003
10002
10002
10003
10002
10002
10003
10003
10003
10003
10004
10003
10003
10004
10003
10003
10004
10002
10002
10002
10003
10002
10002
10003
10002
10002
10003
10002
10002
10002
10003
10002
10002
10003
10002
10002
10003
10003
10003
10003
10004
10003
10003
10004
10003
10003
10004
10002
10002
10002
10003
10002
10002
10003
10002
10002
10003
10002
10002
10002
10003
10002
10002
10003
10002
10002
10003
10003
10003
10003
10004
10003
10003
10004
10003
10003
10004
10001
10001
10001
10002
10001
10001
10002
10001
10001
10002
10001
10001
10001
10002
10001
10001
10002
10001
10001
10002
10001
10001
10001
10002
10001
10001
10002
10001
10001
10002
10002
10002
10002
10003
10002
10002
10003
10002
10002
10003
10001
10001
10001
10002
10001
10001
10002
10001
10001
10002
10001
10001
10001
10002
10001
10001
10002
10001
10001
10002
10002
10002
10002
10003
10002
10002
10003
10002
10002
10003
10001
10001
10001
10002
10001
10001
10002
10001
10001
10002
10001
10001
10001
10002
10001
10001
10002
10001
10001
10002
10002
10002
10002
10003
10002
10002
10003
10002
10002
10003
10001
10001
10001
10002
10001
10001
10002
10001
10001
10002
10001
10001
10001
10002
10001
10001
10002
10001
10001
10002
10001
10001
10001
10002
10001
10001
10002
10001
10001
10002
10002
10002
10002
10003
10002
10002
10003
10002
10002
10003
10001
10001
10001
10002
10001
10001
10002
10001
10001
10002
10001
10001
10001
10002
10001
10001
10002
10001
10001
10002
10002
10002
10002
10003
10002
10002
10003
10002
10002
10003
10001
10001
10001
10002
10001
10001
10002
10001
10001
10002
10001
10001
10001
10002
10001
10001
10002
10001
10001
10002
10002
10002
10002
10003
10002
10002
10003
10002
10002
10003
10002
10002
10002
10003
10002
10002
10003
10002
10002
10003
10002
10002
10002
10003
10002
10002
10003
10002
10002
10003
10002
10002
10002
10003
10002
10002
10003
10002
10002
10003
10003
10003
10003
10004
10003
10003
10004
10003
10003
10004
10002
10002
10002
10003
10002
10002
10003
10002
10002
10003
10002
10002
10002
10003
10002
10002
10003
10002
10002
10003
10003
10003
10003
10004
10003
10003
10004
10003
10003
10004
10002
10002
10002
10003
10002
10002
10003
10002
10002
10003
10002
10002
10002
10003
10002
10002
10003
10002
10002
10003
10003
10003
10003
10004
10003
10003
10004
10003
10003
10004
10001
10001
10001
10002
10001
10001
10002
10001
10001
10002
10001
10001
10001
10002
10001
10001
10002
10001
10001
10002
10001
10001
10001
10002
10001
10001
10002
10001
10001
10002
10002
10002
10002
10003
10002
10002
10003
10002
10002
10003
10001
10001
10001
10002
10001
10001
10002
10001
10001
10002
10001
10001
10001
10002
10001
10001
10002
10001
10001
10002
10002
10002
10002
10003
10002
10002
10003
10002
10002
10003
10001
10001
10001
10002
10001
10001
10002
10001
10001
10002
10001
10001
10001
10002
10001
10001
10002
10001
10001
10002
10002
10002
10002
10003
10002
10002
10003
10002
10002
10003
10001
10001
10001
10002
10001
10001
10002
10001
10001
10002
10001
10001
10001
10002
10001
10001
10002
10001
10001
10002
10001
10001
10001
10002
10001
10001
10002
10001
10001
10002
10002
10002
10002
10003
10002
10002
10003
10002
10002
10003
10001
10001
10001
10002
10001
10001
10002
10001
10001
10002
10001
10001
10001
10002
10001
10001
10002
10001
10001
10002
10002
10002
10002
10003
10002
10002
10003
10002
10002
10003
10001
10001
10001
10002
10001
10001
10002
10001
10001
10002
10001
10001
10001
10002
10001
10001
10002
10001
10001
10002
10002
10002
10002
10003
10002
10002
10003
10002
10002
10003
10002
10002
10002
10003
10002
10002
10003
10002
10002
10003
10002
10002
10002
10003
10002
10002
10003
10002
10002
10003
10002
10002
10002
10003
10002
10002
10003
10002
10002
10003
10003
10003
10003
10004
10003
10003
10004
10003
10003
10004
10002
10002
10002
10003
10002
10002
10003
10002
10002
10003
10002
10002
10002
10003
10002
10002
10003
10002
10002
10003
10003
10003
10003
10004
10003
10003
10004
10003
10003
10004
10002
10002
10002
10003
10002
10002
10003
10002
10002
10003
10002
10002
10002
10003
10002
10002
10003
10002
10002
10003
10003
10003
10003
10004
10003
10003
10004
10003
10003
10004
4000
4001
4002
10001
4004
4005
10001
4007
4008
10001
4010
4011
4012
10001
4014
4015
10001
4017
4018
10001
4020
4021
4022
10001
4024
4025
10001
4027
4028
10001
10001
10001
10001
10002
10001
10001
10002
10001
10001
10002
4040
4041
4042
10001
4044
4045
10001
4047
4048
10001
4050
4051
4052
10001
4054
4055
10001
4057
4058
10001
10001
10001
10001
10002
10001
10001
10002
10001
10001
10002
4070
4071
4072
10001
4074
4075
10001
4077
4078
10001
4080
4081
4082
10001
4084
4085
10001
4087
4088
10001
10001
10001
10001
10002
10001
10001
10002
10001
10001
10002
4100
4101
4102
10001
4104
4105
10001
4107
4108
10001
4110
4111
4112
10001
4114
4115
10001
4117
4118
10001
4120
4121
4122
10001
4124
4125
10001
4127
4128
10001
10001
10001
10001
10002
10001
10001
10002
10001
10001
10002
4140
4141
4142
10001
4144
4145
10001
4147
4148
10001
4150
4151
4152
10001
4154
4155
10001
4157
4158
10001
10001
10001
10001
10002
10001
10001
10002
10001
10001
10002
4170
4171
4172
10001
4174
4175
10001
4177
4178
10001
4180
4181
4182
10001
4184
4185
10001
4187
4188
10001
10001
10001
10001
10002
10001
10001
10002
10001
10001
10002
4200
4201
4202
10001
4204
4205
10001
4207
4208
10001
4210
4211
4212
10001
4214
4215
10001
4217
4218
10001
4220
4221
4222
10001
4224
4225
10001
4227
4228
10001
10001
10001
10001
10002
10001
10001
10002
10001
10001
10002
4240
4241
4242
10001
4244
4245
10001
4247
4248
10001
4250
4251
4252
10001
4254
4255
10001
4257
4258
10001
10001
10001
10001
10002
10001
10001
10002
10001
10001
10002
4270
4271
4272
10001
4274
4275
10001
4277
4278
10001
4280
4281
4282
10001
4284
4285
10001
4287
4288
10001
10001
10001
10001
10002
10001
10001
10002
10001
10001
10002
10001
10001
10001
10002
10001
10001
10002
10001
10001
10002
10001
10001
10001
10002
10001
10001
10002
10001
10001
10002
10001
10001
10001
10002
10001
10001
10002
10001
10001
10002
10002
10002
10002
10003
10002
10002
10003
10002
10002
10003
10001
10001
10001
10002
10001
10001
10002
10001
10001
10002
10001
10001
10001
10002
10001
10001
10002
10001
10001
10002
10002
10002
10002
10003
10002
10002
10003
10002
10002
10003
10001
10001
10001
10002
10001
10001
10002
10001
10001
10002
10001
10001
10001
10002
10001
10001
10002
10001
10001
10002
10002
10002
10002
10003
10002
10002
10003
10002
10002
10003
4400
4401
4402
10001
4404
4405
10001
4407
4408
10001
4410
4411
4412
10001
4414
4415
10001
4417
4418
10001
4420
4421
4422
10001
4424
4425
10001
4427
4428
10001
10001
10001
10001
10002
10001
10001
10002
10001
10001
10002
4440
4441
4442
10001
4444
4445
10001
4447
4448
10001
4450
4451
4452
10001
4454
4455
10001
4457
4458
10001
10001
10001
10001
10002
10001
10001
10002
10001
10001
10002
4470
4471
4472
10001
4474
4475
10001
4477
4478
10001
4480
4481
4482
10001
4484
4485
10001
4487
4488
10001
10001
10001
10001
10002
10001
10001
10002
10001
10001
10002
4500
4501
4502
10001
4504
4505
10001
4507
4508
10001
4510
4511
4512
10001
4514
4515
10001
4517
4518
10001
4520
4521
4522
10001
4524
4525
10001
4527
4528
10001
10001
10001
10001
10002
10001
10001
10002
10001
10001
10002
4540
4541
4542
10001
4544
4545
10001
4547
4548
10001
4550
4551
4552
10001
4554
4555
10001
4557
4558
10001
10001
10001
10001
10002
10001
10001
10002
10001
10001
10002
4570
4571
4572
10001
4574
4575
10001
4577
4578
10001
4580
4581
4582
10001
4584
4585
10001
4587
4588
10001
10001
10001
10001
10002
10001
10001
10002
10001
10001
10002
10001
10001
10001
10002
10001
10001
10002
10001
10001
10002
10001
10001
10001
10002
10001
10001
10002
10001
10001
10002
10001
10001
10001
10002
10001
10001
10002
10001
10001
10002
10002
10002
10002
10003
10002
10002
10003
10002
10002
10003
10001
10001
10001
10002
10001
10001
10002
10001
10001
10002
10001
10001
10001
10002
10001
10001
10002
10001
10001
10002
10002
10002
10002
10003
10002
10002
10003
10002
10002
10003
10001
10001
10001
10002
10001
10001
10002
10001
10001
10002
10001
10001
10001
10002
10001
10001
10002
10001
10001
10002
10002
10002
10002
10003
10002
10002
10003
10002
10002
10003
4700
4701
4702
10001
4704
4705
10001
4707
4708
10001
4710
4711
4712
10001
4714
4715
10001
4717
4718
10001
4720
4721
4722
10001
4724
4725
10001
4727
4728
10001
10001
10001
10001
10002
10001
10001
10002
10001
10001
10002
4740
4741
4742
10001
4744
4745
10001
4747
4748
10001
4750
4751
4752
10001
4754
4755
10001
4757
4758
10001
10001
10001
10001
10002
10001
10001
10002
10001
10001
10002
4770
4771
4772
10001
4774
4775
10001
4777
4778
10001
4780
4781
4782
10001
4784
4785
10001
4787
4788
10001
10001
10001
10001
10002
10001
10001
10002
10001
10001
10002
4800
4801
4802
10001
4804
4805
10001
4807
4808
10001
4810
4811
4812
10001
4814
4815
10001
4817
4818
10001
4820
4821
4822
10001
4824
4825
10001
4827
4828
10001
10001
10001
10001
10002
10001
10001
10002
10001
10001
10002
4840
4841
4842
10001
4844
4845
10001
4847
4848
10001
4850
4851
4852
10001
4854
4855
10001
4857
4858
10001
10001
10001
10001
10002
10001
10001
10002
10001
10001
10002
4870
4871
4872
10001
4874
4875
10001
4877
4878
10001
4880
4881
4882
10001
4884
4885
10001
4887
4888
10001
10001
10001
10001
10002
10001
10001
10002
10001
10001
10002
10001
10001
10001
10002
10001
10001
10002
10001
10001
10002
10001
10001
10001
10002
10001
10001
10002
10001
10001
10002
10001
10001
10001
10002
10001
10001
10002
10001
10001
10002
10002
10002
10002
10003
10002
10002
10003
10002
10002
10003
10001
10001
10001
10002
10001
10001
10002
10001
10001
10002
10001
10001
10001
10002
10001
10001
10002
10001
10001
10002
10002
10002
10002
10003
10002
10002
10003
10002
10002
10003
10001
10001
10001
10002
10001
10001
10002
10001
10001
10002
10001
10001
10001
10002
10001
10001
10002
10001
10001
10002
10002
10002
10002
10003
10002
10002
10003
10002
10002
10003
5000
5001
5002
10001
5004
5005
10001
5007
5008
10001
5010
5011
5012
10001
5014
5015
10001
5017
5018
10001
5020
5021
5022
10001
5024
5025
10001
5027
5028
10001
10001
10001
10001
10002
10001
10001
10002
10001
10001
10002
5040
5041
5042
10001
5044
5045
10001
5047
5048
10001
5050
5051
5052
10001
5054
5055
10001
5057
5058
10001
10001
10001
10001
10002
10001
10001
10002
10001
10001
10002
5070
5071
5072
10001
5074
5075
10001
5077
5078
10001
5080
5081
5082
10001
5084
5085
10001
5087
5088
10001
10001
10001
10001
10002
10001
10001
10002
10001
10001
10002
5100
5101
5102
10001
5104
5105
10001
5107
5108
10001
5110
5111
5112
10001
5114
5115
10001
5117
5118
10001
5120
5121
5122
10001
5124
5125
10001
5127
5128
10001
10001
10001
10001
10002
10001
10001
10002
10001
10001
10002
5140
5141
5142
10001
5144
5145
10001
5147
5148
10001
5150
5151
5152
10001
5154
5155
10001
5157
5158
10001
10001
10001
10001
10002
10001
10001
10002
10001
10001
10002
5170
5171
5172
10001
5174
5175
10001
5177
5178
10001
5180
5181
5182
10001
5184
5185
10001
5187
5188
10001
10001
10001
10001
10002
10001
10001
10002
10001
10001
10002
5200
5201
5202
10001
5204
5205
10001
5207
5208
10001
5210
5211
5212
10001
5214
5215
10001
5217
5218
10001
5220
5221
5222
10001
5224
5225
10001
5227
5228
10001
10001
10001
10001
10002
10001
10001
10002
10001
10001
10002
5240
5241
5242
10001
5244
5245
10001
5247
5248
10001
5250
5251
5252
10001
5254
5255
10001
5257
5258
5259
