93
1
2
10001
4
5
10001
7
8
10001
10
11
12
10001
14
15
10001
17
18
10001
20
21
22
10001
24
25
10001
27
28
10001
10001
10001
10001
10002
10001
10001
10002
10001
10001
10002
40
41
42
10001
44
45
10001
47
48
10001
50
51
52
10001
54
55
10001
57
58
10001
10001
10001
10001
10002
10001
10001
10002
10001
10001
10002
70
71
72
10001
74
75
10001
77
78
10001
80
81
82
10001
84
85
10001
87
88
10001
10001
10001
10001
10002
10001
10001
10002
10001
10001
10002
100
101
102
10001
104
105
10001
107
108
10001
110
111
112
10001
114
115
10001
117
118
10001
120
121
122
10001
124
125
10001
127
128
10001
10001
10001
10001
10002
10001
10001
10002
10001
10001
10002
140
141
142
10001
144
145
10001
147
148
10001
150
151
152
10001
154
155
10001
157
158
10001
10001
10001
10001
10002
10001
10001
10002
10001
10001
10002
170
171
172
10001
174
175
10001
177
178
10001
180
181
182
10001
184
185
10001
187
188
10001
10001
10001
10001
10002
10001
10001
10002
10001
10001
10002
200
201
202
10001
204
205
10001
207
208
10001
210
211
212
10001
214
215
10001
217
218
10001
220
221
222
10001
224
225
10001
227
228
10001
10001
10001
10001
10002
10001
10001
10002
10001
10001
10002
240
241
242
10001
244
245
10001
247
248
10001
250
251
252
10001
254
255
10001
257
258
10001
10001
10001
10001
10002
10001
10001
10002
10001
10001
10002
270
271
272
10001
274
275
10001
277
278
10001
280
281
282
10001
284
285
10001
287
288
10001
10001
10001
10001
10002
10001
10001
10002
10001
10001
10002
10001
10001
10001
10002
10001
10001
10002
10001
10001
10002
10001
10001
10001
10002
10001
10001
10002
10001
10001
10002
10001
10001
10001
10002
10001
10001
10002
10001
10001
10002
10002
10002
10002
10003
10002
10002
10003
10002
10002
10003
10001
10001
10001
10002
10001
10001
10002
10001
10001
10002
10001
10001
10001
10002
10001
10001
10002
10001
10001
10002
10002
10002
10002
10003
10002
10002
10003
10002
10002
10003
10001
10001
10001
10002
10001
10001
10002
10001
10001
10002
10001
10001
10001
10002
10001
10001
10002
10001
10001
10002
10002
10002
10002
10003
10002
10002
10003
10002
10002
10003
400
401
402
10001
404
405
10001
407
408
10001
410
411
412
10001
414
415
10001
417
418
10001
420
421
422
10001
424
425
10001
427
428
10001
10001
10001
10001
10002
10001
10001
10002
10001
10001
10002
440
441
442
10001
444
445
10001
447
448
10001
450
451
452
10001
454
455
10001
457
458
10001
10001
10001
10001
10002
10001
10001
10002
10001
10001
10002
470
471
472
10001
474
475
10001
477
478
10001
480
481
482
10001
484
485
10001
487
488
10001
10001
10001
10001
10002
10001
10001
10002
10001
10001
10002
500
501
502
10001
504
505
10001
507
508
10001
510
511
512
10001
514
515
10001
517
518
10001
520
521
522
10001
524
525
10001
527
528
10001
10001
10001
10001
10002
10001
10001
10002
10001
10001
10002
540
541
542
10001
544
545
10001
547
548
10001
550
551
552
10001
554
555
10001
557
558
10001
10001
10001
10001
10002
10001
10001
10002
10001
10001
10002
570
571
572
10001
574
575
10001
577
578
10001
580
581
582
10001
584
585
10001
587
588
10001
10001
10001
10001
10002
10001
10001
10002
10001
10001
10002
10001
10001
10001
10002
10001
10001
10002
10001
10001
10002
10001
10001
10001
10002
10001
10001
10002
10001
10001
10002
10001
10001
10001
10002
10001
10001
10002
10001
10001
10002
10002
10002
10002
10003
10002
10002
10003
10002
10002
10003
10001
10001
10001
10002
10001
10001
10002
10001
10001
10002
10001
10001
10001
10002
10001
10001
10002
10001
10001
10002
10002
10002
10002
10003
10002
10002
10003
10002
10002
10003
10001
10001
10001
10002
10001
10001
10002
10001
10001
10002
10001
10001
10001
10002
10001
10001
10002
10001
10001
10002
10002
10002
10002
10003
10002
10002
10003
10002
10002
10003
700
701
702
10001
704
705
10001
707
708
10001
710
711
712
10001
714
715
10001
717
718
10001
720
721
722
10001
724
725
10001
727
728
10001
10001
10001
10001
10002
10001
10001
10002
10001
10001
10002
740
741
742
10001
744
745
10001
747
748
10001
750
751
752
10001
754
755
10001
757
758
10001
10001
10001
10001
10002
10001
10001
10002
10001
10001
10002
770
771
772
10001
774
775
10001
777
778
10001
780
781
782
10001
784
785
10001
787
788
10001
10001
10001
10001
10002
10001
10001
10002
10001
10001
10002
800
801
802
10001
804
805
10001
807
808
10001
810
811
812
10001
814
815
10001
817
818
10001
820
821
822
10001
824
825
10001
827
828
10001
10001
10001
10001
10002
10001
10001
10002
10001
10001
10002
840
841
842
10001
844
845
10001
847
848
10001
850
851
852
10001
854
855
10001
857
858
10001
10001
10001
10001
10002
10001
10001
10002
10001
10001
10002
870
871
872
10001
874
875
10001
877
878
10001
880
881
882
10001
884
885
10001
887
888
10001
10001
10001
10001
10002
10001
10001
10002
10001
10001
10002
10001
10001
10001
10002
10001
10001
10002
10001
10001
10002
10001
10001
10001
10002
10001
10001
10002
10001
10001
10002
10001
10001
10001
10002
10001
10001
10002
10001
10001
10002
10002
10002
10002
10003
10002
10002
10003
10002
10002
10003
10001
10001
10001
10002
10001
10001
10002
10001
10001
10002
10001
10001
10001
10002
10001
10001
10002
10001
10001
10002
10002
10002
10002
10003
10002
10002
10003
10002
10002
10003
10001
10001
10001
10002
10001
10001
10002
10001
10001
10002
10001
10001
10001
10002
10001
10001
10002
10001
10001
10002
10002
10002
10002
10003
10002
10002
10003
10002
10002
10003
1000
1001
1002
10001
1004
1005
10001
1007
1008
10001
1010
1011
1012
10001
1014
1015
10001
1017
1018
10001
1020
1021
1022
10001
1024
1025
10001
1027
1028
10001
10001
10001
10001
10002
10001
10001
10002
10001
10001
10002
1040
1041
1042
10001
1044
1045
10001
1047
1048
10001
1050
1051
1052
10001
1054
1055
10001
1057
1058
10001
10001
10001
10001
10002
10001
10001
10002
10001
10001
10002
1070
1071
1072
10001
1074
1075
10001
1077
1078
10001
1080
1081
1082
10001
1084
1085
10001
1087
1088
10001
10001
10001
10001
10002
10001
10001
10002
10001
10001
10002
1100
1101
1102
10001
1104
1105
10001
1107
1108
10001
1110
1111
1112
10001
1114
1115
10001
1117
1118
10001
1120
1121
1122
10001
1124
1125
10001
1127
1128
10001
10001
10001
10001
10002
10001
10001
10002
10001
10001
10002
1140
1141
1142
10001
1144
1145
10001
1147
1148
10001
1150
1151
1152
10001
1154
1155
10001
1157
1158
10001
10001
10001
10001
10002
10001
10001
10002
10001
10001
10002
1170
1171
1172
10001
1174
1175
10001
1177
1178
10001
1180
1181
1182
10001
1184
1185
10001
1187
1188
10001
10001
10001
10001
10002
10001
10001
10002
10001
10001
10002
1200
1201
1202
10001
1204
1205
10001
1207
1208
10001
1210
1211
1212
10001
1214
1215
10001
1217
1218
10001
1220
1221
1222
10001
1224
1225
10001
1227
1228
10001
10001
10001
10001
10002
10001
10001
10002
10001
10001
10002
1240
1241
1242
10001
1244
1245
10001
1247
1248
10001
1250
1251
1252
10001
1254
1255
10001
1257
1258
10001
10001
10001
10001
10002
10001
10001
10002
10001
10001
10002
1270
1271
1272
10001
1274
1275
10001
1277
1278
10001
1280
1281
1282
10001
1284
1285
10001
1287
1288
10001
10001
10001
10001
10002
10001
10001
10002
10001
10001
10002
10001
10001
10001
10002
10001
10001
10002
10001
10001
10002
10001
10001
10001
10002
10001
10001
10002
10001
10001
10002
10001
10001
10001
10002
10001
10001
10002
10001
10001
10002
10002
10002
10002
10003
10002
10002
10003
10002
10002
10003
10001
10001
10001
10002
10001
10001
10002
10001
10001
10002
10001
10001
10001
10002
10001
10001
10002
10001
10001
10002
10002
10002
10002
10003
10002
10002
10003
10002
10002
10003
10001
10001
10001
10002
10001
10001
10002
10001
10001
10002
10001
10001
10001
10002
10001
10001
10002
10001
10001
10002
10002
10002
10002
10003
10002
10002
10003
10002
10002
10003
1400
1401
1402
10001
1404
1405
10001
1407
1408
10001
1410
1411
1412
10001
1414
1415
10001
1417
1418
10001
1420
1421
1422
10001
1424
1425
10001
1427
1428
10001
10001
10001
10001
10002
10001
10001
10002
10001
10001
10002
1440
1441
1442
10001
1444
1445
10001
1447
1448
10001
1450
1451
1452
10001
1454
1455
10001
1457
1458
10001
10001
10001
10001
10002
10001
10001
10002
10001
10001
10002
1470
1471
1472
10001
1474
1475
10001
1477
1478
10001
1480
1481
1482
10001
1484
1485
10001
1487
1488
10001
10001
10001
10001
10002
10001
10001
10002
10001
10001
10002
1500
1501
1502
10001
1504
1505
10001
1507
1508
10001
1510
1511
1512
10001
1514
1515
10001
1517
1518
10001
1520
1521
1522
10001
1524
1525
10001
1527
1528
10001
10001
10001
10001
10002
10001
10001
10002
10001
10001
10002
1540
1541
1542
10001
1544
1545
10001
1547
1548
10001
1550
1551
1552
10001
1554
1555
10001
1557
1558
10001
10001
10001
10001
10002
10001
10001
10002
10001
10001
10002
1570
1571
1572
10001
1574
1575
10001
1577
1578
10001
1580
1581
1582
10001
1584
1585
10001
1587
1588
10001
10001
10001
10001
10002
10001
10001
10002
10001
10001
10002
10001
10001
10001
10002
10001
10001
10002
10001
10001
10002
10001
10001
10001
10002
10001
10001
10002
10001
10001
10002
10001
10001
10001
10002
10001
10001
10002
10001
10001
10002
10002
10002
10002
10003
10002
10002
10003
10002
10002
10003
10001
10001
10001
10002
10001
10001
10002
10001
10001
10002
10001
10001
10001
10002
10001
10001
10002
10001
10001
10002
10002
10002
10002
10003
10002
10002
10003
10002
10002
10003
10001
10001
10001
10002
10001
10001
10002
10001
10001
10002
10001
10001
10001
10002
10001
10001
10002
10001
10001
10002
10002
10002
10002
10003
10002
10002
10003
10002
10002
10003
1700
1701
1702
10001
1704
1705
10001
1707
1708
10001
1710
1711
1712
10001
1714
1715
10001
1717
1718
10001
1720
1721
1722
10001
1724
1725
10001
1727
1728
10001
10001
10001
10001
10002
10001
10001
10002
10001
10001
10002
1740
1741
1742
10001
1744
1745
10001
1747
1748
10001
1750
1751
1752
10001
1754
1755
10001
1757
1758
10001
10001
10001
10001
10002
10001
10001
10002
10001
10001
10002
1770
1771
1772
10001
1774
1775
10001
1777
1778
10001
1780
1781
1782
10001
1784
1785
10001
1787
1788
10001
10001
10001
10001
10002
10001
10001
10002
10001
10001
10002
1800
1801
1802
10001
1804
1805
10001
1807
1808
10001
1810
1811
1812
10001
1814
1815
10001
1817
1818
10001
1820
1821
1822
10001
1824
1825
10001
1827
1828
10001
10001
10001
10001
10002
10001
10001
10002
10001
10001
10002
1840
1841
1842
10001
1844
1845
10001
1847
1848
10001
1850
1851
1852
10001
1854
1855
10001
1857
1858
10001
10001
10001
10001
10002
10001
10001
10002
10001
10001
10002
1870
1871
1872
10001
1874
1875
10001
1877
1878
10001
1880
1881
1882
10001
1884
1885
10001
1887
1888
10001
10001
10001
10001
10002
10001
10001
10002
10001
10001
10002
10001
10001
10001
10002
10001
10001
10002
10001
10001
10002
10001
10001
10001
10002
10001
10001
10002
10001
10001
10002
10001
10001
10001
10002
10001
10001
10002
10001
10001
10002
10002
10002
10002
10003
10002
10002
10003
10002
10002
10003
10001
10001
10001
10002
10001
10001
10002
10001
10001
10002
10001
10001
10001
10002
10001
10001
10002
10001
10001
10002
10002
10002
10002
10003
10002
10002
10003
10002
10002
10003
10001
10001
10001
10002
10001
10001
10002
10001
10001
10002
10001
10001
10001
10002
10001
10001
10002
10001
10001
10002
10002
10002
10002
10003
10002
10002
10003
10002
10002
10003
2000
2001
2002
10001
2004
2005
10001
2007
2008
10001
2010
2011
2012
10001
2014
2015
10001
2017
2018
10001
2020
2021
2022
10001
2024
2025
10001
2027
2028
10001
10001
10001
10001
10002
10001
10001
10002
10001
10001
10002
2040
2041
2042
10001
2044
2045
10001
2047
2048
10001
2050
2051
2052
10001
2054
2055
10001
2057
2058
10001
10001
10001
10001
10002
10001
10001
10002
10001
10001
10002
2070
2071
2072
10001
2074
2075
10001
2077
2078
10001
2080
2081
2082
10001
2084
2085
10001
2087
2088
10001
10001
10001
10001
10002
10001
10001
10002
10001
10001
10002
2100
2101
2102
10001
2104
2105
10001
2107
2108
10001
2110
2111
2112
10001
2114
2115
10001
2117
2118
10001
2120
2121
2122
10001
2124
2125
10001
2127
2128
10001
10001
10001
10001
10002
10001
10001
10002
10001
10001
10002
2140
2141
2142
10001
2144
2145
10001
2147
2148
10001
2150
2151
2152
10001
2154
2155
10001
2157
2158
10001
10001
10001
10001
10002
10001
10001
10002
10001
10001
10002
2170
2171
2172
10001
2174
2175
10001
2177
2178
10001
2180
2181
2182
10001
2184
2185
10001
2187
2188
10001
10001
10001
10001
10002
10001
10001
10002
10001
10001
10002
2200
2201
2202
10001
2204
2205
10001
2207
2208
10001
2210
2211
2212
10001
2214
2215
10001
2217
2218
10001
2220
2221
2222
10001
2224
2225
10001
2227
2228
10001
10001
10001
10001
10002
10001
10001
10002
10001
10001
10002
2240
2241
2242
10001
2244
2245
10001
2247
2248
10001
2250
2251
2252
10001
2254
2255
10001
2257
2258
10001
10001
10001
10001
10002
10001
10001
10002
10001
10001
10002
2270
2271
2272
10001
2274
2275
10001
2277
2278
10001
2280
2281
2282
10001
2284
2285
10001
2287
2288
10001
10001
10001
10001
10002
10001
10001
10002
10001
10001
10002
10001
10001
10001
10002
10001
10001
10002
10001
10001
10002
10001
10001
10001
10002
10001
10001
10002
10001
10001
10002
10001
10001
10001
10002
10001
10001
10002
10001
10001
10002
10002
10002
10002
10003
10002
10002
10003
10002
10002
10003
10001
10001
10001
10002
10001
10001
10002
10001
10001
10002
10001
10001
10001
10002
10001
10001
10002
10001
10001
10002
10002
10002
10002
10003
10002
10002
10003
10002
10002
10003
10001
10001
10001
10002
10001
10001
10002
10001
10001
10002
10001
10001
10001
10002
10001
10001
10002
10001
10001
10002
10002
10002
10002
10003
10002
10002
10003
10002
10002
10003
2400
2401
2402
10001
2404
2405
10001
2407
2408
10001
2410
2411
2412
10001
2414
2415
10001
2417
2418
10001
2420
2421
2422
10001
2424
2425
10001
2427
2428
10001
10001
10001
10001
10002
10001
10001
10002
10001
10001
10002
2440
2441
2442
10001
2444
2445
10001
2447
2448
10001
2450
2451
2452
10001
2454
2455
10001
2457
2458
10001
10001
10001
10001
10002
10001
10001
10002
10001
10001
10002
2470
2471
2472
10001
2474
2475
10001
2477
2478
10001
2480
2481
2482
10001
2484
2485
10001
2487
2488
10001
10001
10001
10001
10002
10001
10001
10002
10001
10001
10002
2500
2501
2502
10001
2504
2505
10001
2507
2508
10001
2510
2511
2512
10001
2514
2515
10001
2517
2518
10001
2520
2521
2522
10001
2524
2525
10001
2527
2528
10001
10001
10001
10001
10002
10001
10001
10002
10001
10001
10002
2540
2541
2542
10001
2544
2545
10001
2547
2548
10001
2550
2551
2552
10001
2554
2555
10001
2557
2558
10001
10001
10001
10001
10002
10001
10001
10002
10001
10001
10002
2570
2571
2572
10001
2574
2575
10001
2577
2578
10001
2580
2581
2582
10001
2584
2585
10001
2587
2588
10001
10001
10001
10001
10002
10001
10001
10002
10001
10001
10002
10001
10001
10001
10002
10001
10001
10002
10001
10001
10002
10001
10001
10001
10002
10001
10001
10002
10001
10001
10002
10001
10001
10001
10002
10001
10001
10002
10001
10001
10002
10002
10002
10002
10003
10002
10002
10003
10002
10002
10003
10001
10001
10001
10002
10001
10001
10002
10001
10001
10002
10001
10001
10001
10002
10001
10001
10002
10001
10001
10002
10002
10002
10002
10003
10002
10002
10003
10002
10002
10003
10001
10001
10001
10002
10001
10001
10002
10001
10001
10002
10001
10001
10001
10002
10001
10001
10002
10001
10001
10002
10002
10002
10002
10003
10002
10002
10003
10002
10002
10003
2700
2701
2702
10001
2704
2705
10001
2707
2708
10001
2710
2711
2712
10001
2714
2715
10001
2717
2718
10001
2720
2721
2722
10001
2724
2725
10001
2727
2728
10001
10001
10001
10001
10002
10001
10001
10002
10001
10001
10002
2740
2741
2742
10001
2744
2745
10001
2747
2748
10001
2750
2751
2752
10001
2754
2755
10001
2757
2758
10001
10001
10001
10001
10002
10001
10001
10002
10001
10001
10002
2770
2771
2772
10001
2774
2775
10001
2777
2778
10001
2780
2781
2782
10001
2784
2785
10001
2787
2788
10001
10001
10001
10001
10002
10001
10001
10002
10001
10001
10002
2800
2801
2802
10001
2804
2805
10001
2807
2808
10001
2810
2811
2812
10001
2814
2815
10001
2817
2818
10001
2820
2821
2822
10001
2824
2825
10001
2827
2828
10001
10001
10001
10001
10002
10001
10001
10002
10001
10001
10002
2840
2841
2842
10001
2844
2845
10001
2847
2848
10001
2850
2851
2852
10001
2854
2855
10001
2857
2858
10001
10001
10001
10001
10002
10001
10001
10002
10001
10001
10002
2870
2871
2872
10001
2874
2875
10001
2877
2878
10001
2880
2881
2882
10001
2884
2885
10001
2887
2888
10001
10001
10001
10001
10002
10001
10001
10002
10001
10001
10002
10001
10001
10001
10002
10001
10001
10002
10001
10001
10002
10001
10001
10001
10002
10001
10001
10002
10001
10001
10002
10001
10001
10001
10002
10001
10001
10002
10001
10001
10002
10002
10002
10002
10003
10002
10002
10003
10002
10002
10003
10001
10001
10001
10002
10001
10001
10002
10001
10001
10002
10001
10001
10001
10002
10001
10001
10002
10001
10001
10002
10002
10002
10002
10003
10002
10002
10003
10002
10002
10003
10001
10001
10001
10002
10001
10001
10002
10001
10001
10002
10001
10001
10001
10002
10001
10001
10002
10001
10001
10002
10002
10002
10002
10003
10002
10002
10003
10002
10002
10003
10001
10001
10001
10002
10001
10001
10002
10001
10001
10002
10001
10001
10001
10002
10001
10001
10002
10001
10001
10002
10001
10001
10001
10002
10001
10001
10002
10001
10001
10002
10002
10002
10002
10003
10002
10002
10003
10002
10002
10003
10001
10001
10001
10002
10001
10001
10002
10001
10001
10002
10001
10001
10001
10002
10001
10001
10002
10001
10001
10002
10002
10002
10002
10003
10002
10002
10003
10002
10002
10003
10001
10001
10001
10002
10001
10001
10002
10001
10001
10002
10001
10001
10001
10002
10001
10001
10002
10001
10001
10002
10002
10002
10002
10003
10002
10002
10003
10002
10002
10003
10001
10001
10001
10002
10001
10001
10002
10001
10001
10002
10001
10001
10001
10002
10001
10001
10002
10001
10001
10002
10001
10001
10001
10002
10001
10001
10002
10001
10001
10002
10002
10002
10002
10003
10002
10002
10003
10002
10002
10003
10001
10001
10001
10002
10001
10001
10002
10001
10001
10002
10001
10001
10001
10002
10001
10001
10002
10001
10001
10002
10002
10002
10002
10003
10002
10002
10003
10002
10002
10003
10001
10001
10001
10002
10001
10001
10002
10001
10001
10002
10001
10001
10001
10002
10001
10001
10002
10001
10001
10002
10002
10002
10002
10003
10002
10002
10003
10002
10002
10003
10001
10001
10001
10002
10001
10001
10002
10001
10001
10002
10001
10001
10001
10002
10001
10001
10002
10001
10001
10002
10001
10001
10001
10002
10001
10001
10002
10001
10001
10002
10002
10002
10002
10003
10002
10002
10003
10002
10002
10003
10001
10001
10001
10002
10001
10001
10002
10001
10001
10002
10001
10001
10001
10002
10001
10001
10002
10001
10001
10002
10002
10002
10002
10003
10002
10002
10003
10002
10002
10003
10001
10001
10001
10002
10001
10001
10002
10001
10001
10002
10001
10001
10001
10002
10001
10001
10002
10001
10001
10002
10002
10002
10002
10003
10002
10002
10003
10002
10002
10003
10002
10002
10002
10003
10002
10002
10003
10002
10002
10003
10002
10002
10002
10003
10002
10002
10003
10002
10002
10003
10002
10002
10002
10003
10002
10002
10003
10002
10002
10003
10003
10003
10003
10004
10003
10003
10004
10003
10003
10004
10002
10002
10002
10003
10002
10002
10003
10002
10002
10003
10002
10002
10002
10003
10002
10002
10003
10002
10002
10003
10003
10003
10003
10004
10003
10003
10004
10003
10003
10004
10002
10002
10002
10003
10002
10002
10003
10002
10002
10003
10002
10002
10002
10003
10002
10002
10003
10002
10002
10003
10003
10003
10003
10004
10003
10003
10004
10003
10003
10004
10001
10001
10001
10002
10001
10001
10002
10001
10001
10002
10001
10001
10001
10002
10001
10001
10002
10001
10001
10002
10001
10001
10001
10002
10001
10001
10002
10001
10001
10002
10002
10002
10002
10003
10002
10002
10003
10002
10002
10003
10001
10001
10001
10002
10001
10001
10002
10001
10001
10002
10001
10001
10001
10002
10001
10001
10002
10001
10001
10002
10002
10002
10002
10003
10002
10002
10003
10002
10002
10003
10001
10001
10001
10002
10001
10001
10002
10001
10001
10002
10001
10001
10001
10002
10001
10001
10002
10001
10001
10002
10002
10002
10002
10003
10002
10002
10003
10002
10002
10003
10001
10001
10001
10002
10001
10001
10002
10001
10001
10002
10001
10001
10001
10002
10001
10001
10002
10001
10001
10002
10001
10001
10001
10002
10001
10001
10002
10001
10001
10002
10002
10002
10002
10003
10002
10002
10003
10002
10002
10003
10001
10001
10001
10002
10001
10001
10002
10001
10001
10002
10001
10001
10001
10002
10001
10001
10002
10001
10001
10002
10002
10002
10002
10003
10002
10002
10003
10002
10002
10003
10001
10001
10001
10002
10001
10001
10002
10001
10001
10002
10001
10001
10001
10002
10001
10001
10002
10001
10001
10002
10002
10002
10002
10003
10002
10002
10003
10002
10002
10003
10002
10002
10002
10003
10002
10002
10003
10002
10002
10003
10002
10002
10002
10003
10002
10002
10003
10002
10002
10003
10002
10002
10002
10003
10002
10002
10003
10002
10002
10003
10003
10003
10003
10004
10003
10003
10004
10003
10003
10004
10002
10002
10002
10003
10002
10002
10003
10002
10002
10003
10002
10002
10002
10003
10002
10002
10003
10002
10002
10003
10003
10003
10003
10004
10003
10003
10004
10003
10003
10004
10002
10002
10002
10003
10002
10002
10003
10002
10002
10003
10002
10002
10002
10003
10002
10002
10003
10002
10002
10003
10003
10003
10003
10004
10003
10003
10004
10003
10003
10004
10001
10001
10001
10002
10001
10001
10002
10001
10001
10002
10001
10001
10001
10002
10001
10001
10002
10001
10001
10002
10001
10001
10001
10002
10001
10001
10002
10001
10001
10002
10002
10002
10002
10003
10002
10002
10003
10002
10002
10003
10001
10001
10001
10002
10001
10001
10002
10001
10001
10002
10001
10001
10001
10002
10001
10001
10002
10001
10001
10002
10002
10002
10002
10003
10002
10002
10003
10002
10002
10003
10001
10001
10001
10002
10001
10001
10002
10001
10001
10002
10001
10001
10001
10002
10001
10001
10002
10001
10001
10002
10002
10002
10002
10003
10002
10002
10003
10002
10002
10003
10001
10001
10001
10002
10001
10001
10002
10001
10001
10002
10001
10001
10001
10002
10001
10001
10002
10001
10001
10002
10001
10001
10001
10002
10001
10001
10002
10001
10001
10002
10002
10002
10002
10003
10002
10002
10003
10002
10002
10003
10001
10001
10001
10002
10001
10001
10002
10001
10001
10002
10001
10001
10001
10002
10001
10001
10002
10001
10001
10002
10002
10002
10002
10003
10002
10002
10003
10002
10002
10003
10001
10001
10001
10002
10001
10001
10002
10001
10001
10002
10001
10001
10001
10002
10001
10001
10002
10001
10001
10002
10002
10002
10002
10003
10002
10002
10003
10002
10002
10003
10002
10002
10002
10003
10002
10002
10003
10002
10002
10003
10002
10002
10002
10003
10002
10002
10003
10002
10002
10003
10002
10002
10002
10003
10002
10002
10003
10002
10002
10003
10003
10003
10003
10004
10003
10003
10004
10003
10003
10004
10002
10002
10002
10003
10002
10002
10003
10002
10002
10003
10002
10002
10002
10003
10002
10002
10003
10002
10002
10003
10003
10003
10003
10004
10003
10003
10004
10003
10003
10004
10002
10002
10002
10003
10002
10002
10003
10002
10002
10003
10002
10002
10002
10003
10002
10002
10003
10002
10002
10003
10003
10003
10003
10004
10003
10003
10004
10003
10003
10004
4000
4001
4002
10001
4004
4005
10001
4007
4008
10001
4010
4011
4012
10001
4014
4015
10001
4017
4018
10001
4020
4021
4022
10001
4024
4025
10001
4027
4028
10001
10001
10001
10001
10002
10001
10001
10002
10001
10001
10002
4040
4041
4042
10001
4044
4045
10001
4047
4048
10001
4050
4051
4052
10001
4054
4055
10001
4057
4058
10001
10001
10001
10001
10002
10001
10001
10002
10001
10001
10002
4070
4071
4072
10001
4074
4075
10001
4077
4078
10001
4080
4081
4082
10001
4084
4085
10001
4087
4088
10001
10001
10001
10001
10002
10001
10001
10002
10001
10001
10002
4100
4101
4102
10001
4104
4105
10001
4107
4108
10001
4110
4111
4112
10001
4114
4115
10001
4117
4118
10001
4120
4121
4122
10001
4124
4125
10001
4127
4128
10001
10001
10001
10001
10002
10001
10001
10002
10001
10001
10002
4140
4141
4142
10001
4144
4145
10001
4147
4148
10001
4150
4151
4152
10001
4154
4155
10001
4157
4158
10001
10001
10001
10001
10002
10001
10001
10002
10001
10001
10002
4170
4171
4172
10001
4174
4175
10001
4177
4178
10001
4180
4181
4182
10001
4184
4185
10001
4187
4188
10001
10001
10001
10001
10002
10001
10001
10002
10001
10001
10002
4200
4201
4202
10001
4204
4205
10001
4207
4208
10001
4210
4211
4212
10001
4214
4215
10001
4217
4218
10001
4220
4221
4222
10001
4224
4225
10001
4227
4228
10001
10001
10001
10001
10002
10001
10001
10002
10001
10001
10002
4240
4241
4242
10001
4244
4245
10001
4247
4248
10001
4250
4251
4252
10001
4254
4255
10001
4257
4258
10001
10001
10001
10001
10002
10001
10001
10002
10001
10001
10002
4270
4271
4272
10001
4274
4275
10001
4277
4278
10001
4280
4281
4282
10001
4284
4285
10001
4287
4288
10001
10001
10001
10001
10002
10001
10001
10002
10001
10001
10002
10001
10001
10001
10002
10001
10001
10002
10001
10001
10002
10001
10001
10001
10002
10001
10001
10002
10001
10001
10002
10001
10001
10001
10002
10001
10001
10002
10001
10001
10002
10002
10002
10002
10003
10002
10002
10003
10002
10002
10003
10001
10001
10001
10002
10001
10001
10002
10001
10001
10002
10001
10001
10001
10002
10001
10001
10002
10001
10001
10002
10002
10002
10002
10003
10002
10002
10003
10002
10002
10003
10001
10001
10001
10002
10001
10001
10002
10001
10001
10002
10001
10001
10001
10002
10001
10001
10002
10001
10001
10002
10002
10002
10002
10003
10002
10002
10003
10002
10002
10003
4400
4401
4402
10001
4404
4405
10001
4407
4408
10001
4410
4411
4412
10001
4414
4415
10001
4417
4418
10001
4420
4421
4422
10001
4424
4425
10001
4427
4428
10001
10001
10001
10001
10002
10001
10001
10002
10001
10001
10002
4440
4441
4442
10001
4444
4445
10001
4447
4448
10001
4450
4451
4452
10001
4454
4455
10001
4457
4458
10001
10001
10001
10001
10002
10001
10001
10002
10001
10001
10002
4470
4471
4472
10001
4474
4475
10001
4477
4478
10001
4480
4481
4482
10001
4484
4485
10001
4487
4488
10001
10001
10001
10001
10002
10001
10001
10002
10001
10001
10002
4500
4501
4502
10001
4504
4505
10001
4507
4508
10001
4510
4511
4512
10001
4514
4515
10001
4517
4518
10001
4520
4521
4522
10001
4524
4525
10001
4527
4528
10001
10001
10001
10001
10002
10001
10001
10002
10001
10001
10002
4540
4541
4542
10001
4544
4545
10001
4547
4548
10001
4550
4551
4552
10001
4554
4555
10001
4557
4558
10001
10001
10001
10001
10002
10001
10001
10002
10001
10001
10002
4570
4571
4572
10001
4574
4575
10001
4577
4578
10001
4580
4581
4582
10001
4584
4585
10001
4587
4588
10001
10001
10001
10001
10002
10001
10001
10002
10001
10001
10002
10001
10001
10001
10002
10001
10001
10002
10001
10001
10002
10001
10001
10001
10002
10001
10001
10002
10001
10001
10002
10001
10001
10001
10002
10001
10001
10002
10001
10001
10002
10002
10002
10002
10003
10002
10002
10003
10002
10002
10003
10001
10001
10001
10002
10001
10001
10002
10001
10001
10002
10001
10001
10001
10002
10001
10001
10002
10001
10001
10002
10002
10002
10002
10003
10002
10002
10003
10002
10002
10003
10001
10001
10001
10002
10001
10001
10002
10001
10001
10002
10001
10001
10001
10002
10001
10001
10002
10001
10001
10002
10002
10002
10002
10003
10002
10002
10003
10002
10002
10003
4700
4701
4702
10001
4704
4705
10001
4707
4708
10001
4710
4711
4712
10001
4714
4715
10001
4717
4718
10001
4720
4721
4722
10001
4724
4725
10001
4727
4728
10001
10001
10001
10001
10002
10001
10001
10002
10001
10001
10002
4740
4741
4742
10001
4744
4745
10001
4747
4748
10001
4750
4751
4752
10001
4754
4755
10001
4757
4758
10001
10001
10001
10001
10002
10001
10001
10002
10001
10001
10002
4770
4771
4772
10001
4774
4775
10001
4777
4778
10001
4780
4781
4782
10001
4784
4785
10001
4787
4788
10001
10001
10001
10001
10002
10001
10001
10002
10001
10001
10002
4800
4801
4802
10001
4804
4805
10001
4807
4808
10001
4810
4811
4812
10001
4814
4815
10001
4817
4818
10001
4820
4821
4822
10001
4824
4825
10001
4827
4828
10001
10001
10001
10001
10002
10001
10001
10002
10001
10001
10002
4840
4841
4842
10001
4844
4845
10001
4847
4848
10001
4850
4851
4852
10001
4854
4855
10001
4857
4858
10001
10001
10001
10001
10002
10001
10001
10002
10001
10001
10002
4870
4871
4872
10001
4874
4875
10001
4877
4878
10001
4880
4881
4882
10001
4884
4885
10001
4887
4888
10001
10001
10001
10001
10002
10001
10001
10002
10001
10001
10002
10001
10001
10001
10002
10001
10001
10002
10001
10001
10002
10001
10001
10001
10002
10001
10001
10002
10001
10001
10002
10001
10001
10001
10002
10001
10001
10002
10001
10001
10002
10002
10002
10002
10003
10002
10002
10003
10002
10002
10003
10001
10001
10001
10002
10001
10001
10002
10001
10001
10002
10001
10001
10001
10002
10001
10001
10002
10001
10001
10002
10002
10002
10002
10003
10002
10002
10003
10002
10002
10003
10001
10001
10001
10002
10001
10001
10002
10001
10001
10002
10001
10001
10001
10002
10001
10001
10002
10001
10001
10002
10002
10002
10002
10003
10002
10002
10003
10002
10002
10003
5000
5001
5002
10001
5004
5005
10001
5007
5008
10001
5010
5011
5012
10001
5014
5015
10001
5017
5018
10001
5020
5021
5022
10001
5024
5025
10001
5027
5028
10001
10001
10001
10001
10002
10001
10001
10002
10001
10001
10002
5040
5041
5042
10001
5044
5045
10001
5047
5048
10001
5050
5051
5052
10001
5054
5055
10001
5057
5058
10001
10001
10001
10001
10002
10001
10001
10002
10001
10001
10002
5070
5071
5072
10001
5074
5075
10001
5077
5078
10001
5080
5081
5082
10001
5084
5085
10001
5087
5088
10001
10001
10001
10001
10002
10001
10001
10002
10001
10001
10002
5100
5101
5102
10001
5104
5105
10001
5107
5108
10001
5110
5111
5112
10001
5114
5115
10001
5117
5118
10001
5120
5121
5122
10001
5124
5125
10001
5127
5128
10001
10001
10001
10001
10002
10001
10001
10002
10001
10001
10002
5140
5141
5142
10001
5144
5145
10001
5147
5148
10001
5150
5151
5152
10001
5154
5155
10001
5157
5158
10001
10001
10001
10001
10002
10001
10001
10002
10001
10001
10002
5170
5171
5172
10001
5174
5175
10001
5177
5178
10001
5180
5181
5182
10001
5184
5185
10001
5187
5188
10001
10001
10001
10001
10002
10001
10001
10002
10001
10001
10002
5200
5201
5202
10001
5204
5205
10001
5207
5208
10001
5210
5211
5212
10001
5214
5215
10001
5217
5218
10001
5220
5221
5222
10001
5224
5225
10001
5227
5228
10001
10001
10001
10001
10002
10001
10001
10002
10001
10001
10002
5240
5241
5242
10001
5244
5245
10001
5247
5248
10001
5250
5251
5252
10001
5254
5255
10001
5257
5258
10001
10001
10001
10001
10002
10001
10001
10002
10001
10001
10002
5270
5271
5272
10001
5274
5275
10001
5277
5278
10001
5280
5281
5282
10001
5284
5285
10001
5287
5288
10001
10001
10001
10001
10002
10001
10001
10002
10001
10001
10002
10001
10001
10001
10002
10001
10001
10002
10001
10001
10002
10001
10001
10001
10002
10001
10001
10002
10001
10001
10002
10001
10001
10001
10002
10001
10001
10002
10001
10001
10002
10002
10002
10002
10003
10002
10002
10003
10002
10002
10003
10001
10001
10001
10002
10001
10001
10002
10001
10001
10002
10001
10001
10001
10002
10001
10001
10002
10001
10001
10002
10002
10002
10002
10003
10002
10002
10003
10002
10002
10003
10001
10001
10001
10002
10001
10001
10002
10001
10001
10002
10001
10001
10001
10002
10001
10001
10002
10001
10001
10002
10002
10002
10002
10003
10002
10002
10003
10002
10002
10003
5400
5401
5402
10001
5404
5405
10001
5407
5408
10001
5410
5411
5412
10001
5414
5415
10001
5417
5418
10001
5420
5421
5422
10001
5424
5425
10001
5427
5428
10001
10001
10001
10001
10002
10001
10001
10002
10001
10001
10002
5440
5441
5442
10001
5444
5445
10001
5447
5448
10001
5450
5451
5452
10001
5454
5455
10001
5457
5458
10001
10001
10001
10001
10002
10001
10001
10002
10001
10001
10002
5470
5471
5472
10001
5474
5475
10001
5477
5478
10001
5480
5481
5482
10001
5484
5485
10001
5487
5488
10001
10001
10001
10001
10002
10001
10001
10002
10001
10001
10002
5500
5501
5502
10001
5504
5505
10001
5507
5508
10001
5510
5511
5512
10001
5514
5515
10001
5517
5518
10001
5520
5521
5522
10001
5524
5525
10001
5527
5528
10001
10001
10001
10001
10002
10001
10001
10002
10001
10001
10002
5540
5541
5542
10001
5544
5545
10001
5547
5548
10001
5550
5551
5552
10001
5554
5555
10001
5557
5558
10001
10001
10001
10001
10002
10001
10001
10002
10001
10001
10002
5570
5571
5572
10001
5574
5575
10001
5577
5578
10001
5580
5581
5582
10001
5584
5585
10001
5587
5588
10001
10001
10001
10001
10002
10001
10001
10002
10001
10001
10002
10001
10001
10001
10002
10001
10001
10002
10001
10001
10002
10001
10001
10001
10002
10001
10001
10002
10001
10001
10002
10001
10001
10001
10002
10001
10001
10002
10001
10001
10002
10002
10002
10002
10003
10002
10002
10003
10002
10002
10003
10001
10001
10001
10002
10001
10001
10002
10001
10001
10002
10001
10001
10001
10002
10001
10001
10002
10001
10001
10002
10002
10002
10002
10003
10002
10002
10003
10002
10002
10003
10001
10001
10001
10002
10001
10001
10002
10001
10001
10002
10001
10001
10001
10002
10001
10001
10002
10001
10001
10002
10002
10002
10002
10003
10002
10002
10003
10002
10002
10003
5700
5701
5702
10001
5704
5705
10001
5707
5708
10001
5710
5711
5712
10001
5714
5715
10001
5717
5718
10001
5720
5721
5722
10001
5724
5725
10001
5727
5728
10001
10001
10001
10001
10002
10001
10001
10002
10001
10001
10002
5740
5741
5742
10001
5744
5745
10001
5747
5748
10001
5750
5751
5752
10001
5754
5755
10001
5757
5758
10001
10001
10001
10001
10002
10001
10001
10002
10001
10001
10002
5770
5771
5772
10001
5774
5775
10001
5777
5778
10001
5780
5781
5782
10001
5784
5785
10001
5787
5788
10001
10001
10001
10001
10002
10001
10001
10002
10001
10001
10002
5800
5801
5802
10001
5804
5805
10001
5807
5808
10001
5810
5811
5812
10001
5814
5815
10001
5817
5818
10001
5820
5821
5822
10001
5824
5825
10001
5827
5828
10001
10001
10001
10001
10002
10001
10001
10002
10001
10001
10002
5840
5841
5842
10001
5844
5845
10001
5847
5848
10001
5850
5851
5852
10001
5854
5855
10001
5857
5858
10001
10001
10001
10001
10002
10001
10001
10002
10001
10001
10002
5870
5871
5872
10001
5874
5875
10001
5877
5878
10001
5880
5881
5882
10001
5884
5885
10001
5887
5888
10001
10001
10001
10001
10002
10001
10001
10002
10001
10001
10002
10001
10001
10001
10002
10001
10001
10002
10001
10001
10002
10001
10001
10001
10002
10001
10001
10002
10001
10001
10002
10001
10001
10001
10002
10001
10001
10002
10001
10001
10002
10002
10002
10002
10003
10002
10002
10003
10002
10002
10003
10001
10001
10001
10002
10001
10001
10002
10001
10001
10002
10001
10001
10001
10002
10001
10001
10002
10001
10001
10002
10002
10002
10002
10003
10002
10002
10003
10002
10002
10003
10001
10001
10001
10002
10001
10001
10002
10001
10001
10002
10001
10001
10001
10002
10001
10001
10002
10001
10001
10002
10002
10002
10002
10003
10002
10002
10003
10002
10002
10003
10001
10001
10001
10002
10001
10001
10002
10001
10001
10002
10001
10001
10001
10002
10001
10001
10002
10001
10001
10002
10001
10001
10001
10002
10001
10001
10002
10001
10001
10002
10002
10002
10002
10003
10002
10002
10003
10002
10002
10003
10001
10001
10001
10002
10001
10001
10002
10001
10001
10002
10001
10001
10001
10002
10001
10001
10002
10001
10001
10002
10002
10002
10002
10003
10002
10002
10003
10002
10002
10003
10001
10001
10001
10002
10001
10001
10002
10001
10001
10002
10001
10001
10001
10002
10001
10001
10002
10001
10001
10002
10002
10002
10002
10003
10002
10002
10003
10002
10002
10003
10001
10001
10001
10002
10001
10001
10002
10001
10001
10002
10001
10001
10001
10002
10001
10001
10002
10001
10001
10002
10001
10001
10001
10002
10001
10001
10002
10001
10001
10002
10002
10002
10002
10003
10002
10002
10003
10002
10002
10003
10001
10001
10001
10002
10001
10001
10002
10001
10001
10002
10001
10001
10001
10002
10001
10001
10002
10001
10001
10002
10002
10002
10002
10003
10002
10002
10003
10002
10002
10003
10001
10001
10001
10002
10001
10001
10002
10001
10001
10002
10001
10001
10001
10002
10001
10001
10002
10001
10001
10002
10002
10002
10002
10003
10002
10002
10003
10002
10002
10003
10001
10001
10001
10002
10001
10001
10002
10001
10001
10002
10001
10001
10001
10002
10001
10001
10002
10001
10001
10002
10001
10001
10001
10002
10001
10001
10002
10001
10001
10002
10002
10002
10002
10003
10002
10002
10003
10002
10002
10003
10001
10001
10001
10002
10001
10001
10002
10001
10001
10002
10001
10001
10001
10002
10001
10001
10002
10001
10001
10002
10002
10002
10002
10003
10002
10002
10003
10002
10002
10003
10001
10001
10001
10002
10001
10001
10002
10001
10001
10002
10001
10001
10001
10002
10001
10001
10002
10001
10001
10002
10002
10002
10002
10003
10002
10002
10003
10002
10002
10003
10002
10002
10002
10003
10002
10002
10003
10002
10002
10003
10002
10002
10002
10003
10002
10002
10003
10002
10002
10003
10002
10002
10002
10003
10002
10002
10003
10002
10002
10003
10003
10003
10003
10004
10003
10003
10004
10003
10003
10004
10002
10002
10002
10003
10002
10002
10003
10002
10002
10003
10002
10002
10002
10003
10002
10002
10003
10002
10002
10003
10003
10003
10003
10004
10003
10003
10004
10003
10003
10004
10002
10002
10002
10003
10002
10002
10003
10002
10002
10003
10002
10002
10002
10003
10002
10002
10003
10002
10002
10003
10003
10003
10003
10004
10003
10003
10004
10003
10003
10004
10001
10001
10001
10002
10001
10001
10002
10001
10001
10002
10001
10001
10001
10002
10001
10001
10002
10001
10001
10002
10001
10001
10001
10002
10001
10001
10002
10001
10001
10002
10002
10002
10002
10003
10002
10002
10003
10002
10002
10003
10001
10001
10001
10002
10001
10001
10002
10001
10001
10002
10001
10001
10001
10002
10001
10001
10002
10001
10001
10002
10002
10002
10002
10003
10002
10002
10003
10002
10002
10003
10001
10001
10001
10002
10001
10001
10002
10001
10001
10002
10001
10001
10001
10002
10001
10001
10002
10001
10001
10002
10002
10002
10002
10003
10002
10002
10003
10002
10002
10003
10001
10001
10001
10002
10001
10001
10002
10001
10001
10002
10001
10001
10001
10002
10001
10001
10002
10001
10001
10002
10001
10001
10001
10002
10001
10001
10002
10001
10001
10002
10002
10002
10002
10003
10002
10002
10003
10002
10002
10003
10001
10001
10001
10002
10001
10001
10002
10001
10001
10002
10001
10001
10001
10002
10001
10001
10002
10001
10001
10002
10002
10002
10002
10003
10002
10002
10003
10002
10002
10003
10001
10001
10001
10002
10001
10001
10002
10001
10001
10002
10001
10001
10001
10002
10001
10001
10002
10001
10001
10002
10002
10002
10002
10003
10002
10002
10003
10002
10002
10003
10002
10002
10002
10003
10002
10002
10003
10002
10002
10003
10002
10002
10002
10003
10002
10002
10003
10002
10002
10003
10002
10002
10002
10003
10002
10002
10003
10002
10002
10003
10003
10003
10003
10004
10003
10003
10004
10003
10003
10004
10002
10002
10002
10003
10002
10002
10003
10002
10002
10003
10002
10002
10002
10003
10002
10002
10003
10002
10002
10003
10003
10003
10003
10004
10003
10003
10004
10003
10003
10004
10002
10002
10002
10003
10002
10002
10003
10002
10002
10003
10002
10002
10002
10003
10002
10002
10003
10002
10002
10003
10003
10003
10003
10004
10003
10003
10004
10003
10003
10004
10001
10001
10001
10002
10001
10001
10002
10001
10001
10002
10001
10001
10001
10002
10001
10001
10002
10001
10001
10002
10001
10001
10001
10002
10001
10001
10002
10001
10001
10002
10002
10002
10002
10003
10002
10002
10003
10002
10002
10003
10001
10001
10001
10002
10001
10001
10002
10001
10001
10002
10001
10001
10001
10002
10001
10001
10002
10001
10001
10002
10002
10002
10002
10003
10002
10002
10003
10002
10002
10003
10001
10001
10001
10002
10001
10001
10002
10001
10001
10002
10001
10001
10001
10002
10001
10001
10002
10001
10001
10002
10002
10002
10002
10003
10002
10002
10003
10002
10002
10003
10001
10001
10001
10002
10001
10001
10002
10001
10001
10002
10001
10001
10001
10002
10001
10001
10002
10001
10001
10002
10001
10001
10001
10002
10001
10001
10002
10001
10001
10002
10002
10002
10002
10003
10002
10002
10003
10002
10002
10003
10001
10001
10001
10002
10001
10001
10002
10001
10001
10002
10001
10001
10001
10002
10001
10001
10002
10001
10001
10002
10002
10002
10002
10003
10002
10002
10003
10002
10002
10003
10001
10001
10001
10002
10001
10001
10002
10001
10001
10002
10001
10001
10001
10002
10001
10001
10002
10001
10001
10002
10002
10002
10002
10003
10002
10002
10003
10002
10002
10003
10002
10002
10002
10003
10002
10002
10003
10002
10002
10003
10002
10002
10002
10003
10002
10002
10003
10002
10002
10003
10002
10002
10002
10003
10002
10002
10003
10002
10002
10003
10003
10003
10003
10004
10003
10003
10004
10003
10003
10004
10002
10002
10002
10003
10002
10002
10003
10002
10002
10003
10002
10002
10002
10003
10002
10002
10003
10002
10002
10003
10003
10003
10003
10004
10003
10003
10004
10003
10003
10004
10002
10002
10002
10003
10002
10002
10003
10002
10002
10003
10002
10002
10002
10003
10002
10002
10003
10002
10002
10003
10003
10003
10003
10004
10003
10003
10004
10003
10003
10004
7000
7001
7002
10001
7004
7005
10001
7007
7008
10001
7010
7011
7012
10001
7014
7015
10001
7017
7018
10001
7020
7021
7022
10001
7024
7025
10001
7027
7028
10001
10001
10001
10001
10002
10001
10001
10002
10001
10001
10002
7040
7041
7042
10001
7044
7045
10001
7047
7048
10001
7050
7051
7052
10001
7054
7055
10001
7057
7058
10001
10001
10001
10001
10002
10001
10001
10002
10001
10001
10002
7070
7071
7072
10001
7074
7075
10001
7077
7078
10001
7080
7081
7082
10001
7084
7085
10001
7087
7088
10001
10001
10001
10001
10002
10001
10001
10002
10001
10001
10002
7100
7101
7102
10001
7104
7105
10001
7107
7108
10001
7110
7111
7112
10001
7114
7115
10001
7117
7118
10001
7120
7121
7122
10001
7124
7125
10001
7127
7128
10001
10001
10001
10001
10002
10001
10001
10002
10001
10001
10002
7140
7141
7142
10001
7144
7145
10001
7147
7148
10001
7150
7151
7152
10001
7154
7155
10001
7157
7158
10001
10001
10001
10001
10002
10001
10001
10002
10001
10001
10002
7170
7171
7172
10001
7174
7175
10001
7177
7178
10001
7180
7181
7182
10001
7184
7185
10001
7187
7188
10001
10001
10001
10001
10002
10001
10001
10002
10001
10001
10002
7200
7201
7202
10001
7204
7205
10001
7207
7208
10001
7210
7211
7212
10001
7214
7215
10001
7217
7218
10001
7220
7221
7222
10001
7224
7225
10001
7227
7228
10001
10001
10001
10001
10002
10001
10001
10002
10001
10001
10002
7240
7241
7242
10001
7244
7245
10001
7247
7248
10001
7250
7251
7252
10001
7254
7255
10001
7257
7258
10001
10001
10001
10001
10002
10001
10001
10002
10001
10001
10002
7270
7271
7272
10001
7274
7275
10001
7277
7278
10001
7280
7281
7282
10001
7284
7285
10001
7287
7288
10001
10001
10001
10001
10002
10001
10001
10002
10001
10001
10002
10001
10001
10001
10002
10001
10001
10002
10001
10001
10002
10001
10001
10001
10002
10001
10001
10002
10001
10001
10002
10001
10001
10001
10002
10001
10001
10002
10001
10001
10002
10002
10002
10002
10003
10002
10002
10003
10002
10002
10003
10001
10001
10001
10002
10001
10001
10002
10001
10001
10002
10001
10001
10001
10002
10001
10001
10002
10001
10001
10002
10002
10002
10002
10003
10002
10002
10003
10002
10002
10003
10001
10001
10001
10002
10001
10001
10002
10001
10001
10002
10001
10001
10001
10002
10001
10001
10002
10001
10001
10002
10002
10002
10002
10003
10002
10002
10003
10002
10002
10003
7400
7401
7402
10001
7404
7405
10001
7407
7408
10001
7410
7411
7412
10001
7414
7415
10001
7417
7418
10001
7420
7421
7422
10001
7424
7425
10001
7427
7428
10001
10001
10001
10001
10002
10001
10001
10002
10001
10001
10002
7440
7441
7442
10001
7444
7445
10001
7447
7448
10001
7450
7451
7452
10001
7454
7455
10001
7457
7458
10001
10001
10001
10001
10002
10001
10001
10002
10001
10001
10002
7470
7471
7472
10001
7474
7475
10001
7477
7478
10001
7480
7481
7482
10001
7484
7485
10001
7487
7488
10001
10001
10001
10001
10002
10001
10001
10002
10001
10001
10002
7500
7501
7502
10001
7504
7505
10001
7507
7508
10001
7510
7511
7512
10001
7514
7515
10001
7517
7518
10001
7520
7521
7522
10001
7524
7525
10001
7527
7528
10001
10001
10001
10001
10002
10001
10001
10002
10001
10001
10002
7540
7541
7542
10001
7544
7545
10001
7547
7548
10001
7550
7551
7552
10001
7554
7555
10001
7557
7558
10001
10001
10001
10001
10002
10001
10001
10002
10001
10001
10002
7570
7571
7572
10001
7574
7575
10001
7577
7578
10001
7580
7581
7582
10001
7584
7585
10001
7587
7588
10001
10001
10001
10001
10002
10001
10001
10002
10001
10001
10002
10001
10001
10001
10002
10001
10001
10002
10001
10001
10002
10001
10001
10001
10002
10001
10001
10002
10001
10001
10002
10001
10001
10001
10002
10001
10001
10002
10001
10001
10002
10002
10002
10002
10003
10002
10002
10003
10002
10002
10003
10001
10001
10001
10002
10001
10001
10002
10001
10001
10002
10001
10001
10001
10002
10001
10001
10002
10001
10001
10002
10002
10002
10002
10003
10002
10002
10003
10002
10002
10003
10001
10001
10001
10002
10001
10001
10002
10001
10001
10002
10001
10001
10001
10002
10001
10001
10002
10001
10001
10002
10002
10002
10002
10003
10002
10002
10003
10002
10002
10003
7700
7701
7702
10001
7704
7705
10001
7707
7708
10001
7710
7711
7712
10001
7714
7715
10001
7717
7718
10001
7720
7721
7722
10001
7724
7725
10001
7727
7728
10001
10001
10001
10001
10002
10001
10001
10002
10001
10001
10002
7740
7741
7742
10001
7744
7745
10001
7747
7748
10001
7750
7751
7752
10001
7754
7755
10001
7757
7758
10001
10001
10001
10001
10002
10001
10001
10002
10001
10001
10002
7770
7771
7772
10001
7774
7775
10001
7777
7778
10001
7780
7781
7782
10001
7784
7785
10001
7787
7788
10001
10001
10001
10001
10002
10001
10001
10002
10001
10001
10002
7800
7801
7802
10001
7804
7805
10001
7807
7808
10001
7810
7811
7812
10001
7814
7815
10001
7817
7818
10001
7820
7821
7822
10001
7824
7825
10001
7827
7828
10001
10001
10001
10001
10002
10001
10001
10002
10001
10001
10002
7840
7841
7842
10001
7844
7845
10001
7847
7848
10001
7850
7851
7852
10001
7854
7855
10001
7857
7858
10001
10001
10001
10001
10002
10001
10001
10002
10001
10001
10002
7870
7871
7872
10001
7874
7875
10001
7877
7878
10001
7880
7881
7882
10001
7884
7885
10001
7887
7888
10001
10001
10001
10001
10002
10001
10001
10002
10001
10001
10002
10001
10001
10001
10002
10001
10001
10002
10001
10001
10002
10001
10001
10001
10002
10001
10001
10002
10001
10001
10002
10001
10001
10001
10002
10001
10001
10002
10001
10001
10002
10002
10002
10002
10003
10002
10002
10003
10002
10002
10003
10001
10001
10001
10002
10001
10001
10002
10001
10001
10002
10001
10001
10001
10002
10001
10001
10002
10001
10001
10002
10002
10002
10002
10003
10002
10002
10003
10002
10002
10003
10001
10001
10001
10002
10001
10001
10002
10001
10001
10002
10001
10001
10001
10002
10001
10001
10002
10001
10001
10002
10002
10002
10002
10003
10002
10002
10003
10002
10002
10003
8000
8001
8002
10001
8004
8005
10001
8007
8008
10001
8010
8011
8012
10001
8014
8015
10001
8017
8018
10001
8020
8021
8022
10001
8024
8025
10001
8027
8028
10001
10001
10001
10001
10002
10001
10001
10002
10001
10001
10002
8040
8041
8042
10001
8044
8045
10001
8047
8048
10001
8050
8051
8052
10001
8054
8055
10001
8057
8058
10001
10001
10001
10001
10002
10001
10001
10002
10001
10001
10002
8070
8071
8072
10001
8074
8075
10001
8077
8078
10001
8080
8081
8082
10001
8084
8085
10001
8087
8088
10001
10001
10001
10001
10002
10001
10001
10002
10001
10001
10002
8100
8101
8102
10001
8104
8105
10001
8107
8108
10001
8110
8111
8112
10001
8114
8115
10001
8117
8118
10001
8120
8121
8122
10001
8124
8125
10001
8127
8128
10001
10001
10001
10001
10002
10001
10001
10002
10001
10001
10002
8140
8141
8142
10001
8144
8145
10001
8147
8148
10001
8150
8151
8152
10001
8154
8155
10001
8157
8158
10001
10001
10001
10001
10002
10001
10001
10002
10001
10001
10002
8170
8171
8172
10001
8174
8175
10001
8177
8178
10001
8180
8181
8182
10001
8184
8185
10001
8187
8188
10001
10001
10001
10001
10002
10001
10001
10002
10001
10001
10002
8200
8201
8202
10001
8204
8205
10001
8207
8208
10001
8210
8211
8212
10001
8214
8215
10001
8217
8218
10001
8220
8221
8222
10001
8224
8225
10001
8227
8228
10001
10001
10001
10001
10002
10001
10001
10002
10001
10001
10002
8240
8241
8242
10001
8244
8245
10001
8247
8248
10001
8250
8251
8252
10001
8254
8255
10001
8257
8258
10001
10001
10001
10001
10002
10001
10001
10002
10001
10001
10002
8270
8271
8272
10001
8274
8275
10001
8277
8278
10001
8280
8281
8282
10001
8284
8285
10001
8287
8288
10001
10001
10001
10001
10002
10001
10001
10002
10001
10001
10002
10001
10001
10001
10002
10001
10001
10002
10001
10001
10002
10001
10001
10001
10002
10001
10001
10002
10001
10001
10002
10001
10001
10001
10002
10001
10001
10002
10001
10001
10002
10002
10002
10002
10003
10002
10002
10003
10002
10002
10003
10001
10001
10001
10002
10001
10001
10002
10001
10001
10002
10001
10001
10001
10002
10001
10001
10002
10001
10001
10002
10002
10002
10002
10003
10002
10002
10003
10002
10002
10003
10001
10001
10001
10002
10001
10001
10002
10001
10001
10002
10001
10001
10001
10002
10001
10001
10002
10001
10001
10002
10002
10002
10002
10003
10002
10002
10003
10002
10002
10003
8400
8401
8402
10001
8404
8405
10001
8407
8408
10001
8410
8411
8412
10001
8414
8415
10001
8417
8418
10001
8420
8421
8422
10001
8424
8425
10001
8427
8428
10001
10001
10001
10001
10002
10001
10001
10002
10001
10001
10002
8440
8441
8442
10001
8444
8445
10001
8447
8448
10001
8450
8451
8452
10001
8454
8455
10001
8457
8458
10001
10001
10001
10001
10002
10001
10001
10002
10001
10001
10002
8470
8471
8472
10001
8474
8475
10001
8477
8478
10001
8480
8481
8482
10001
8484
8485
10001
8487
8488
10001
10001
10001
10001
10002
10001
10001
10002
10001
10001
10002
8500
8501
8502
10001
8504
8505
10001
8507
8508
10001
8510
8511
8512
10001
8514
8515
10001
8517
8518
10001
8520
8521
8522
10001
8524
8525
10001
8527
8528
10001
10001
10001
10001
10002
10001
10001
10002
10001
10001
10002
8540
8541
8542
10001
8544
8545
10001
8547
8548
10001
8550
8551
8552
10001
8554
8555
10001
8557
8558
10001
10001
10001
10001
10002
10001
10001
10002
10001
10001
10002
8570
8571
8572
10001
8574
8575
10001
8577
8578
10001
8580
8581
8582
10001
8584
8585
10001
8587
8588
10001
10001
10001
10001
10002
10001
10001
10002
10001
10001
10002
10001
10001
10001
10002
10001
10001
10002
10001
10001
10002
10001
10001
10001
10002
10001
10001
10002
10001
10001
10002
10001
10001
10001
10002
10001
10001
10002
10001
10001
10002
10002
10002
10002
10003
10002
10002
10003
10002
10002
10003
10001
10001
10001
10002
10001
10001
10002
10001
10001
10002
10001
10001
10001
10002
10001
10001
10002
10001
10001
10002
10002
10002
10002
10003
10002
10002
10003
10002
10002
10003
10001
10001
10001
10002
10001
10001
10002
10001
10001
10002
10001
10001
10001
10002
10001
10001
10002
10001
10001
10002
10002
10002
10002
10003
10002
10002
10003
10002
10002
10003
8700
8701
8702
10001
8704
8705
10001
8707
8708
10001
8710
8711
8712
10001
8714
8715
10001
8717
8718
10001
8720
8721
8722
10001
8724
8725
10001
8727
8728
10001
10001
10001
10001
10002
10001
10001
10002
10001
10001
10002
8740
8741
8742
10001
8744
8745
10001
8747
8748
10001
8750
8751
8752
10001
8754
8755
10001
8757
8758
10001
10001
10001
10001
10002
10001
10001
10002
10001
10001
10002
8770
8771
8772
10001
8774
8775
10001
8777
8778
10001
8780
8781
8782
10001
8784
8785
10001
8787
8788
10001
10001
10001
10001
10002
10001
10001
10002
10001
10001
10002
8800
8801
8802
10001
8804
8805
10001
8807
8808
10001
8810
8811
8812
10001
8814
8815
10001
8817
8818
10001
8820
8821
8822
10001
8824
8825
10001
8827
8828
10001
10001
10001
10001
10002
10001
10001
10002
10001
10001
10002
8840
8841
8842
10001
8844
8845
10001
8847
8848
10001
8850
8851
8852
10001
8854
8855
10001
8857
8858
10001
10001
10001
10001
10002
10001
10001
10002
10001
10001
10002
8870
8871
8872
10001
8874
8875
10001
8877
8878
10001
8880
8881
8882
10001
8884
8885
10001
8887
8888
10001
10001
10001
10001
10002
10001
10001
10002
10001
10001
10002
10001
10001
10001
10002
10001
10001
10002
10001
10001
10002
10001
10001
10001
10002
10001
10001
10002
10001
10001
10002
10001
10001
10001
10002
10001
10001
10002
10001
10001
10002
10002
10002
10002
10003
10002
10002
10003
10002
10002
10003
10001
10001
10001
10002
10001
10001
10002
10001
10001
10002
10001
10001
10001
10002
10001
10001
10002
10001
10001
10002
10002
10002
10002
10003
10002
10002
10003
10002
10002
10003
10001
10001
10001
10002
10001
10001
10002
10001
10001
10002
10001
10001
10001
10002
10001
10001
10002
10001
10001
10002
10002
10002
10002
10003
10002
10002
10003
10002
10002
10003
10001
10001
10001
10002
10001
10001
10002
10001
10001
10002
10001
10001
10001
10002
10001
10001
10002
10001
10001
10002
10001
10001
10001
10002
10001
10001
10002
10001
10001
10002
10002
10002
10002
10003
10002
10002
10003
10002
10002
10003
10001
10001
10001
10002
10001
10001
10002
10001
10001
10002
10001
10001
10001
10002
10001
10001
10002
10001
10001
10002
10002
10002
10002
10003
10002
10002
10003
10002
10002
10003
10001
10001
10001
10002
10001
10001
10002
10001
10001
10002
10001
10001
10001
10002
10001
10001
10002
10001
10001
10002
10002
10002
10002
10003
10002
10002
10003
10002
10002
10003
10001
10001
10001
10002
10001
10001
10002
10001
10001
10002
10001
10001
10001
10002
10001
10001
10002
10001
10001
10002
10001
10001
10001
10002
10001
10001
10002
10001
10001
10002
10002
10002
10002
10003
10002
10002
10003
10002
10002
10003
10001
10001
10001
10002
10001
10001
10002
10001
10001
10002
10001
10001
10001
10002
10001
10001
10002
10001
10001
10002
10002
10002
10002
10003
10002
10002
10003
10002
10002
10003
10001
10001
10001
10002
10001
10001
10002
10001
10001
10002
10001
10001
10001
10002
10001
10001
10002
10001
10001
10002
10002
10002
10002
10003
10002
10002
10003
10002
10002
10003
10001
10001
10001
10002
10001
10001
10002
10001
10001
10002
10001
10001
10001
10002
10001
10001
10002
10001
10001
10002
10001
10001
10001
10002
10001
10001
10002
10001
10001
10002
10002
10002
10002
10003
10002
10002
10003
10002
10002
10003
10001
10001
10001
10002
10001
10001
10002
10001
10001
10002
10001
10001
10001
10002
10001
10001
10002
10001
10001
10002
10002
10002
10002
10003
10002
10002
10003
10002
10002
10003
10001
10001
10001
10002
10001
10001
10002
10001
10001
10002
10001
10001
10001
10002
10001
10001
10002
10001
10001
10002
10002
10002
10002
10003
10002
10002
10003
10002
10002
10003
10002
10002
10002
10003
10002
10002
10003
10002
10002
10003
10002
10002
10002
10003
10002
10002
10003
10002
10002
10003
10002
10002
10002
10003
10002
10002
10003
10002
10002
10003
10003
10003
10003
10004
10003
10003
10004
10003
10003
10004
10002
10002
10002
10003
10002
10002
10003
10002
10002
10003
10002
10002
10002
10003
10002
10002
10003
10002
10002
10003
10003
10003
10003
10004
10003
10003
10004
10003
10003
10004
10002
10002
10002
10003
10002
10002
10003
10002
10002
10003
10002
10002
10002
10003
10002
10002
10003
10002
10002
10003
10003
10003
10003
10004
10003
10003
10004
10003
10003
10004
10001
10001
10001
10002
10001
10001
10002
10001
10001
10002
10001
10001
10001
10002
10001
10001
10002
10001
10001
10002
10001
10001
10001
10002
10001
10001
10002
10001
10001
10002
10002
10002
10002
10003
10002
10002
10003
10002
10002
10003
10001
10001
10001
10002
10001
10001
10002
10001
10001
10002
10001
10001
10001
10002
10001
10001
10002
10001
10001
10002
10002
10002
10002
10003
10002
10002
10003
10002
10002
10003
10001
10001
10001
10002
10001
10001
10002
10001
10001
10002
10001
10001
10001
10002
10001
10001
10002
10001
10001
10002
10002
10002
10002
10003
10002
10002
10003
10002
10002
10003
10001
10001
10001
10002
10001
10001
10002
10001
10001
10002
10001
10001
10001
10002
10001
10001
10002
10001
10001
10002
10001
10001
10001
10002
10001
10001
10002
10001
10001
10002
10002
10002
10002
10003
10002
10002
10003
10002
10002
10003
10001
10001
10001
10002
10001
10001
10002
10001
10001
10002
10001
10001
10001
10002
10001
10001
10002
10001
10001
10002
10002
10002
10002
10003
10002
10002
10003
10002
10002
10003
10001
10001
10001
10002
10001
10001
10002
10001
10001
10002
10001
10001
10001
10002
10001
10001
10002
10001
10001
10002
10002
10002
10002
10003
10002
10002
10003
10002
10002
10003
10002
10002
10002
10003
10002
10002
10003
10002
10002
10003
10002
10002
10002
10003
10002
10002
10003
10002
10002
10003
10002
10002
10002
10003
10002
10002
10003
10002
10002
10003
10003
10003
10003
10004
10003
10003
10004
10003
10003
10004
10002
10002
10002
10003
10002
10002
10003
10002
10002
10003
10002
10002
10002
10003
10002
10002
10003
10002
10002
10003
10003
10003
10003
10004
10003
10003
10004
10003
10003
10004
10002
10002
10002
10003
10002
10002
10003
10002
10002
10003
10002
10002
10002
10003
10002
10002
10003
10002
10002
10003
10003
10003
10003
10004
10003
10003
10004
10003
10003
10004
10001
10001
10001
10002
10001
10001
10002
10001
10001
10002
10001
10001
10001
10002
10001
10001
10002
10001
10001
10002
10001
10001
10001
10002
10001
10001
10002
10001
10001
10002
10002
10002
10002
10003
10002
10002
10003
10002
10002
10003
10001
10001
10001
10002
10001
10001
10002
10001
10001
10002
10001
10001
10001
10002
10001
10001
10002
10001
10001
10002
10002
10002
10002
10003
10002
10002
10003
10002
10002
10003
10001
10001
10001
10002
10001
10001
10002
10001
10001
10002
10001
10001
10001
10002
10001
10001
10002
10001
10001
10002
10002
10002
10002
10003
10002
10002
10003
10002
10002
10003
10001
10001
10001
10002
10001
10001
10002
10001
10001
10002
10001
10001
10001
10002
10001
10001
10002
10001
10001
10002
10001
10001
10001
10002
10001
10001
10002
10001
10001
10002
10002
10002
10002
10003
10002
10002
10003
10002
10002
10003
10001
10001
10001
10002
10001
10001
10002
10001
10001
10002
10001
10001
10001
10002
10001
10001
10002
10001
10001
10002
10002
10002
10002
10003
10002
10002
10003
10002
10002
10003
10001
10001
10001
10002
10001
10001
10002
10001
10001
10002
10001
10001
10001
10002
10001
10001
10002
10001
10001
10002
10002
10002
10002
10003
10002
10002
10003
10002
10002
10003
10002
10002
10002
10003
10002
10002
10003
10002
10002
10003
10002
10002
10002
10003
10002
10002
10003
10002
10002
10003
10002
10002
10002
10003
10002
10002
10003
10002
10002
10003
10003
10003
10003
10004
10003
10003
10004
10003
10003
10004
10002
10002
10002
10003
10002
10002
10003
10002
10002
10003
10002
10002
10002
10003
10002
10002
10003
10002
10002
10003
10003
10003
10003
10004
10003
10003
10004
10003
10003
10004
10002
10002
10002
10003
10002
10002
10003
10002
10002
10003
10002
10002
10002
10003
10002
10002
10003
10002
10002
10003
10003
10003
10003
10004
10003
10003
10004
10003
10003
10004
10000
10001
10002
10001
10004
10005
10001
10007
10008
10001
10010
10011
10012
10001
10014
10015
10001
10017
10018
10001
10020
10021
10022
10001
10024
10025
10001
10027
10028
10001
10001
10001
10001
10002
10001
10001
10002
10001
10001
10002
10040
10041
10042
10001
10044
10045
10001
10047
10048
10001
10050
10051
10052
10001
10054
10055
10001
10057
10058
10001
10001
10001
10001
10002
10001
10001
10002
10001
10001
10002
10070
10071
10072
10001
10074
10075
10001
10077
10078
10001
10080
10081
10082
10001
10084
10085
10001
10087
10088
10001
10001
10001
10001
10002
10001
10001
10002
10001
10001
10002
10100
10101
10102
10001
10104
10105
10001
10107
10108
10001
10110
10111
10112
10001
10114
10115
10001
10117
10118
10001
10120
10121
10122
10001
10124
10125
10001
10127
10128
10001
10001
10001
10001
10002
10001
10001
10002
10001
10001
10002
10140
10141
10142
10001
10144
10145
10001
10147
10148
10001
10150
10151
10152
10001
10154
10155
10001
10157
10158
10001
10001
10001
10001
10002
10001
10001
10002
10001
10001
10002
10170
10171
10172
10001
10174
10175
10001
10177
10178
10001
10180
10181
10182
10001
10184
10185
10001
10187
10188
10001
10001
10001
10001
10002
10001
10001
10002
10001
10001
10002
10200
10201
10202
10001
10204
10205
10001
10207
10208
10001
10210
10211
10212
10001
10214
10215
10001
10217
10218
10001
10220
10221
10222
10001
10224
10225
10001
10227
10228
10001
10001
10001
10001
10002
10001
10001
10002
10001
10001
10002
10240
10241
10242
10001
10244
10245
10001
10247
10248
10001
10250
10251
10252
10001
10254
10255
10001
10257
10258
10001
10001
10001
10001
10002
10001
10001
10002
10001
10001
10002
10270
10271
10272
10001
10274
10275
10001
10277
10278
10001
10280
10281
10282
10001
10284
10285
10001
10287
10288
10001
10001
10001
10001
10002
10001
10001
10002
10001
10001
10002
10001
10001
10001
10002
10001
10001
10002
10001
10001
10002
10001
10001
10001
10002
10001
10001
10002
10001
10001
10002
10001
10001
10001
10002
10001
10001
10002
10001
10001
10002
10002
10002
10002
10003
10002
10002
10003
10002
10002
10003
10001
10001
10001
10002
10001
10001
10002
10001
10001
10002
10001
10001
10001
10002
10001
10001
10002
10001
10001
10002
10002
10002
10002
10003
10002
10002
10003
10002
10002
10003
10001
10001
10001
10002
10001
10001
10002
10001
10001
10002
10001
10001
10001
10002
10001
10001
10002
10001
10001
10002
10002
10002
10002
10003
10002
10002
10003
10002
10002
10003
10400
10401
10402
10001
10404
10405
10001
10407
10408
10001
10410
10411
10412
10001
10414
10415
10001
10417
10418
10001
10420
10421
10422
10001
10424
10425
10001
10427
10428
10001
10001
10001
10001
10002
10001
10001
10002
10001
10001
10002
10440
10441
10442
10001
10444
10445
10001
10447
10448
10001
10450
10451
10452
10001
10454
10455
10001
10457
10458
10001
10001
10001
10001
10002
10001
10001
10002
10001
10001
10002
10470
10471
10472
10001
10474
10475
10001
10477
10478
10001
10480
10481
10482
10001
10484
10485
10001
10487
10488
10001
10001
10001
10001
10002
10001
10001
10002
10001
10001
10002
10500
10501
10502
10001
10504
10505
10001
10507
10508
10001
10510
10511
10512
10001
10514
10515
10001
10517
10518
10001
10520
10521
10522
10001
10524
10525
10001
10527
10528
10001
10001
10001
10001
10002
10001
10001
10002
10001
10001
10002
10540
10541
10542
10001
10544
10545
10001
10547
10548
10001
10550
10551
10552
10001
10554
10555
10001
10557
10558
10001
10001
10001
10001
10002
10001
10001
10002
10001
10001
10002
10570
10571
10572
10001
10574
10575
10001
10577
10578
10001
10580
10581
10582
10001
10584
10585
10001
10587
10588
10001
10001
10001
10001
10002
10001
10001
10002
10001
10001
10002
10001
10001
10001
10002
10001
10001
10002
10001
10001
10002
10001
10001
10001
10002
10001
10001
10002
10001
10001
10002
10001
10001
10001
10002
10001
10001
10002
10001
10001
10002
10002
10002
10002
10003
10002
10002
10003
10002
10002
10003
10001
10001
10001
10002
10001
10001
10002
10001
10001
10002
10001
10001
10001
10002
10001
10001
10002
10001
10001
10002
10002
10002
10002
10003
10002
10002
10003
10002
10002
10003
10001
10001
10001
10002
10001
10001
10002
10001
10001
10002
10001
10001
10001
10002
10001
10001
10002
10001
10001
10002
10002
10002
10002
10003
10002
10002
10003
10002
10002
10003
10700
10701
10702
10001
10704
10705
10001
10707
10708
10001
10710
10711
10712
10001
10714
10715
10001
10717
10718
10001
10720
10721
10722
10001
10724
10725
10001
10727
10728
10001
10001
10001
10001
10002
10001
10001
10002
10001
10001
10002
10740
10741
10742
10001
10744
10745
10001
10747
10748
10001
10750
10751
10752
10001
10754
10755
10001
10757
10758
10001
10001
10001
10001
10002
10001
10001
10002
10001
10001
10002
10770
10771
10772
10001
10774
10775
10001
10777
10778
10001
10780
10781
10782
10001
10784
10785
10001
10787
10788
10001
10001
10001
10001
10002
10001
10001
10002
10001
10001
10002
10800
10801
10802
10001
10804
10805
10001
10807
10808
10001
10810
10811
10812
10001
10814
10815
10001
10817
10818
10001
10820
10821
10822
10001
10824
10825
10001
10827
10828
10001
10001
10001
10001
10002
10001
10001
10002
10001
10001
10002
10840
10841
10842
10001
10844
10845
10001
10847
10848
10001
10850
10851
10852
10001
10854
10855
10001
10857
10858
10001
10001
10001
10001
10002
10001
10001
10002
10001
10001
10002
10870
10871
10872
10001
10874
10875
10001
10877
10878
10001
10880
10881
10882
10001
10884
10885
10001
10887
10888
10001
10001
10001
10001
10002
10001
10001
10002
10001
10001
10002
10001
10001
10001
10002
10001
10001
10002
10001
10001
10002
10001
10001
10001
10002
10001
10001
10002
10001
10001
10002
10001
10001
10001
10002
10001
10001
10002
10001
10001
10002
10002
10002
10002
10003
10002
10002
10003
10002
10002
10003
10001
10001
10001
10002
10001
10001
10002
10001
10001
10002
10001
10001
10001
10002
10001
10001
10002
10001
10001
10002
10002
10002
10002
10003
10002
10002
10003
10002
10002
10003
10001
10001
10001
10002
10001
10001
10002
10001
10001
10002
10001
10001
10001
10002
10001
10001
10002
10001
10001
10002
10002
10002
10002
10003
10002
10002
10003
10002
10002
10003
11000
11001
11002
10001
11004
11005
10001
11007
11008
10001
11010
11011
11012
10001
11014
11015
10001
11017
11018
10001
11020
11021
11022
10001
11024
11025
10001
11027
11028
10001
10001
10001
10001
10002
10001
10001
10002
10001
10001
10002
11040
11041
11042
10001
11044
11045
10001
11047
11048
10001
11050
11051
11052
10001
11054
11055
10001
11057
11058
10001
10001
10001
10001
10002
10001
10001
10002
10001
10001
10002
11070
11071
11072
10001
11074
11075
10001
11077
11078
10001
11080
11081
11082
10001
11084
11085
10001
11087
11088
10001
10001
10001
10001
10002
10001
10001
10002
10001
10001
10002
11100
11101
11102
10001
11104
11105
10001
11107
11108
10001
11110
11111
11112
10001
11114
11115
10001
11117
11118
10001
11120
11121
11122
10001
11124
11125
10001
11127
11128
10001
10001
10001
10001
10002
10001
10001
10002
10001
10001
10002
11140
11141
11142
10001
11144
11145
10001
11147
11148
10001
11150
11151
11152
10001
11154
11155
10001
11157
11158
10001
10001
10001
10001
10002
10001
10001
10002
10001
10001
10002
11170
11171
11172
10001
11174
11175
10001
11177
11178
10001
11180
11181
11182
10001
11184
11185
10001
11187
11188
10001
10001
10001
10001
10002
10001
10001
10002
10001
10001
10002
11200
11201
11202
10001
11204
11205
10001
11207
11208
10001
11210
11211
11212
10001
11214
11215
10001
11217
11218
10001
11220
11221
11222
10001
11224
11225
10001
11227
11228
10001
10001
10001
10001
10002
10001
10001
10002
10001
10001
10002
11240
11241
11242
10001
11244
11245
10001
11247
11248
10001
11250
11251
11252
10001
11254
11255
10001
11257
11258
10001
10001
10001
10001
10002
10001
10001
10002
10001
10001
10002
11270
11271
11272
10001
11274
11275
10001
11277
11278
10001
11280
11281
11282
10001
11284
11285
10001
11287
11288
10001
10001
10001
10001
10002
10001
10001
10002
10001
10001
10002
10001
10001
10001
10002
10001
10001
10002
10001
10001
10002
10001
10001
10001
10002
10001
10001
10002
10001
10001
10002
10001
10001
10001
10002
10001
10001
10002
10001
10001
10002
10002
10002
10002
10003
10002
10002
10003
10002
10002
10003
10001
10001
10001
10002
10001
10001
10002
10001
10001
10002
10001
10001
10001
10002
10001
10001
10002
10001
10001
10002
10002
10002
10002
10003
10002
10002
10003
10002
10002
10003
10001
10001
10001
10002
10001
10001
10002
10001
10001
10002
10001
10001
10001
10002
10001
10001
10002
10001
10001
10002
10002
10002
10002
10003
10002
10002
10003
10002
10002
10003
11400
11401
11402
10001
11404
11405
10001
11407
11408
10001
11410
11411
11412
10001
11414
11415
10001
11417
11418
10001
11420
11421
11422
10001
11424
11425
10001
11427
11428
10001
10001
10001
10001
10002
10001
10001
10002
10001
10001
10002
11440
11441
11442
10001
11444
11445
10001
11447
11448
10001
11450
11451
11452
10001
11454
11455
10001
11457
11458
10001
10001
10001
10001
10002
10001
10001
10002
10001
10001
10002
11470
11471
11472
10001
11474
11475
10001
11477
11478
10001
11480
11481
11482
10001
11484
11485
10001
11487
11488
10001
10001
10001
10001
10002
10001
10001
10002
10001
10001
10002
11500
11501
11502
10001
11504
11505
10001
11507
11508
10001
11510
11511
11512
10001
11514
11515
10001
11517
11518
10001
11520
11521
11522
10001
11524
11525
10001
11527
11528
10001
10001
10001
10001
10002
10001
10001
10002
10001
10001
10002
11540
11541
11542
10001
11544
11545
10001
11547
11548
10001
11550
11551
11552
10001
11554
11555
10001
11557
11558
10001
10001
10001
10001
10002
10001
10001
10002
10001
10001
10002
11570
11571
11572
10001
11574
11575
10001
11577
11578
10001
11580
11581
11582
10001
11584
11585
10001
11587
11588
10001
10001
10001
10001
10002
10001
10001
10002
10001
10001
10002
10001
10001
10001
10002
10001
10001
10002
10001
10001
10002
10001
10001
10001
10002
10001
10001
10002
10001
10001
10002
10001
10001
10001
10002
10001
10001
10002
10001
10001
10002
10002
10002
10002
10003
10002
10002
10003
10002
10002
10003
10001
10001
10001
10002
10001
10001
10002
10001
10001
10002
10001
10001
10001
10002
10001
10001
10002
10001
10001
10002
10002
10002
10002
10003
10002
10002
10003
10002
10002
10003
10001
10001
10001
10002
10001
10001
10002
10001
10001
10002
10001
10001
10001
10002
10001
10001
10002
10001
10001
10002
10002
10002
10002
10003
10002
10002
10003
10002
10002
10003
11700
11701
11702
10001
11704
11705
10001
11707
11708
10001
11710
11711
11712
10001
11714
11715
10001
11717
11718
10001
11720
11721
11722
10001
11724
11725
10001
11727
11728
10001
10001
10001
10001
10002
10001
10001
10002
10001
10001
10002
11740
11741
11742
10001
11744
11745
10001
11747
11748
10001
11750
11751
11752
10001
11754
11755
10001
11757
11758
10001
10001
10001
10001
10002
10001
10001
10002
10001
10001
10002
11770
11771
11772
10001
11774
11775
10001
11777
11778
10001
11780
11781
11782
10001
11784
11785
10001
11787
11788
10001
10001
10001
10001
10002
10001
10001
10002
10001
10001
10002
11800
11801
11802
10001
11804
11805
10001
11807
11808
10001
11810
11811
11812
10001
11814
11815
10001
11817
11818
10001
11820
11821
11822
10001
11824
11825
10001
11827
11828
10001
10001
10001
10001
10002
10001
10001
10002
10001
10001
10002
11840
11841
11842
10001
11844
11845
10001
11847
11848
10001
11850
11851
11852
10001
11854
11855
10001
11857
11858
10001
10001
10001
10001
10002
10001
10001
10002
10001
10001
10002
11870
11871
11872
10001
11874
11875
10001
11877
11878
10001
11880
11881
11882
10001
11884
11885
10001
11887
11888
10001
10001
10001
10001
10002
10001
10001
10002
10001
10001
10002
10001
10001
10001
10002
10001
10001
10002
10001
10001
10002
10001
10001
10001
10002
10001
10001
10002
10001
10001
10002
10001
10001
10001
10002
10001
10001
10002
10001
10001
10002
10002
10002
10002
10003
10002
10002
10003
10002
10002
10003
10001
10001
10001
10002
10001
10001
10002
10001
10001
10002
10001
10001
10001
10002
10001
10001
10002
10001
10001
10002
10002
10002
10002
10003
10002
10002
10003
10002
10002
10003
10001
10001
10001
10002
10001
10001
10002
10001
10001
10002
10001
10001
10001
10002
10001
10001
10002
10001
10001
10002
10002
10002
10002
10003
10002
10002
10003
10002
10002
10003
12000
12001
12002
10001
12004
12005
10001
12007
12008
10001
12010
12011
12012
10001
12014
12015
10001
12017
12018
10001
12020
12021
12022
10001
12024
12025
10001
12027
12028
10001
10001
10001
10001
10002
10001
10001
10002
10001
10001
10002
12040
12041
12042
10001
12044
12045
10001
12047
12048
10001
12050
12051
12052
10001
12054
12055
10001
12057
12058
10001
10001
10001
10001
10002
10001
10001
10002
10001
10001
10002
12070
12071
12072
10001
12074
12075
10001
12077
12078
10001
12080
12081
12082
10001
12084
12085
10001
12087
12088
10001
10001
10001
10001
10002
10001
10001
10002
10001
10001
10002
12100
12101
12102
10001
12104
12105
10001
12107
12108
10001
12110
12111
12112
10001
12114
12115
10001
12117
12118
10001
12120
12121
12122
10001
12124
12125
10001
12127
12128
10001
10001
10001
10001
10002
10001
10001
10002
10001
10001
10002
12140
12141
12142
10001
12144
12145
10001
12147
12148
10001
12150
12151
12152
10001
12154
12155
10001
12157
12158
10001
10001
10001
10001
10002
10001
10001
10002
10001
10001
10002
12170
12171
12172
10001
12174
12175
10001
12177
12178
10001
12180
12181
12182
10001
12184
12185
10001
12187
12188
10001
10001
10001
10001
10002
10001
10001
10002
10001
10001
10002
12200
12201
12202
10001
12204
12205
10001
12207
12208
10001
12210
12211
12212
10001
12214
12215
10001
12217
12218
10001
12220
12221
12222
10001
12224
12225
10001
12227
12228
10001
10001
10001
10001
10002
10001
10001
10002
10001
10001
10002
12240
12241
12242
10001
12244
12245
10001
12247
12248
10001
12250
12251
12252
10001
12254
12255
10001
12257
12258
10001
10001
10001
10001
10002
10001
10001
10002
10001
10001
10002
12270
12271
12272
10001
12274
12275
10001
12277
12278
10001
12280
12281
12282
10001
12284
12285
10001
12287
12288
10001
10001
10001
10001
10002
10001
10001
10002
10001
10001
10002
10001
10001
10001
10002
10001
10001
10002
10001
10001
10002
10001
10001
10001
10002
10001
10001
10002
10001
10001
10002
10001
10001
10001
10002
10001
10001
10002
10001
10001
10002
10002
10002
10002
10003
10002
10002
10003
10002
10002
10003
10001
10001
10001
10002
10001
10001
10002
10001
10001
10002
10001
10001
10001
10002
10001
10001
10002
10001
10001
10002
10002
10002
10002
10003
10002
10002
10003
10002
10002
10003
10001
10001
10001
10002
10001
10001
10002
10001
10001
10002
10001
10001
10001
10002
10001
10001
10002
10001
10001
10002
10002
10002
10002
10003
10002
10002
10003
10002
10002
10003
12400
12401
12402
10001
12404
12405
10001
12407
12408
10001
12410
12411
12412
10001
12414
12415
10001
12417
12418
10001
12420
12421
12422
10001
12424
12425
10001
12427
12428
10001
10001
10001
10001
10002
10001
10001
10002
10001
10001
10002
12440
12441
12442
10001
12444
12445
10001
12447
12448
10001
12450
12451
12452
10001
12454
12455
10001
12457
12458
10020
